time,provider,network_type,accuracy,latitude,longitude,altitude,bearing,speed,travelstate
1364404097,network,wifi,20.0,43.7066003,-72.2870139,0.0,0.0,0.0,,
1364405304,network,wifi,24.302,43.7065996,-72.2870103,0.0,0.0,0.0,,
1364406504,network,wifi,21.586,43.7065847,-72.2870586,0.0,0.0,0.0,stationary,
1364414907,gps,,17.0,43.7020316,-72.28524766,180.100006104,258.1,1.25,,
1364416105,network,wifi,24.848,43.7007717,-72.2870229,0.0,0.0,0.0,moving,
1364417304,network,wifi,25.09,43.7007829,-72.2870195,0.0,0.0,0.0,moving,
1364418504,network,wifi,25.09,43.7007829,-72.2870195,0.0,0.0,0.0,stationary,
1364419705,network,wifi,37.134,43.7016547,-72.2881143,0.0,0.0,0.0,moving,
1364420904,network,wifi,35.964,43.7016666,-72.2881335,0.0,0.0,0.0,moving,
1364422104,network,wifi,20.0,43.701627,-72.2881057,0.0,0.0,0.0,stationary,
1364422105,network,wifi,20.0,43.701627,-72.2881057,0.0,0.0,0.0,stationary,
1364424504,network,wifi,20.83,43.7032821,-72.2866869,0.0,0.0,0.0,moving,
1364425704,network,wifi,20.0,43.7032811,-72.2867064,0.0,0.0,0.0,stationary,
1364426904,network,wifi,20.0,43.7032811,-72.2866427,0.0,0.0,0.0,stationary,
1364426905,network,wifi,20.0,43.7032832,-72.2866456,0.0,0.0,0.0,stationary,
1364430504,network,wifi,20.0,43.7032922,-72.2867489,0.0,0.0,0.0,stationary,
1364431704,network,wifi,24.368,43.7033125,-72.286804,0.0,0.0,0.0,stationary,
1364432904,network,wifi,27.471,43.70331,-72.2867342,0.0,0.0,0.0,stationary,
1364434104,network,wifi,31.096,43.7033,-72.2867163,0.0,0.0,0.0,stationary,
1364435304,network,wifi,30.351,43.7032928,-72.286705,0.0,0.0,0.0,stationary,
1364436504,network,wifi,21.004,43.7033063,-72.2866855,0.0,0.0,0.0,stationary,
1364474245,network,wifi,29.0,43.703437,-72.2869169,0.0,0.0,0.0,,
1364475446,network,wifi,77.178,43.7088143,-72.2840113,0.0,0.0,0.0,,
1364476645,network,wifi,70.373,43.7088928,-72.2840183,0.0,0.0,0.0,moving,
1364477845,network,wifi,74.567,43.7089284,-72.2842721,0.0,0.0,0.0,stationary,
1364479045,network,wifi,78.806,43.7088531,-72.2841936,0.0,0.0,0.0,stationary,
1364480245,network,wifi,22.0,43.7007102,-72.2871023,0.0,0.0,0.0,moving,
1364481445,network,wifi,22.0,43.7007495,-72.2870664,0.0,0.0,0.0,moving,
1364482649,network,wifi,79.966,43.706713,-72.2878911,0.0,0.0,0.0,moving,
1364483845,network,wifi,20.0,43.7065865,-72.2870035,0.0,0.0,0.0,moving,
1364485045,network,wifi,23.287,43.7065899,-72.2870296,0.0,0.0,0.0,moving,
1364486246,network,wifi,87.298,43.7075485,-72.2855537,0.0,0.0,0.0,moving,
1364487445,network,wifi,27.0,43.7087465,-72.284142,0.0,0.0,0.0,,
1364488645,network,wifi,25.0,43.7087499,-72.2841175,0.0,0.0,0.0,stationary,
1364491045,network,wifi,21.0,43.7016043,-72.2880563,0.0,0.0,0.0,moving,
1364492246,network,wifi,20.0,43.7015941,-72.2879094,0.0,0.0,0.0,moving,
1364493445,network,wifi,20.0,43.7016,-72.2879368,0.0,0.0,0.0,stationary,
1364494646,network,wifi,22.0,43.7007545,-72.2869731,0.0,0.0,0.0,moving,
1364495845,network,wifi,22.0,43.7007668,-72.2869518,0.0,0.0,0.0,moving,
1364497045,network,wifi,20.0,43.700754,-72.2869865,0.0,0.0,0.0,stationary,
1364500646,network,wifi,25.0,43.7027218,-72.2836805,0.0,0.0,0.0,moving,
1364501845,network,wifi,25.0,43.7027047,-72.2836412,0.0,0.0,0.0,moving,
1364503045,network,wifi,25.0,43.7027047,-72.2836412,0.0,0.0,0.0,stationary,
1364504245,network,wifi,25.0,43.7027047,-72.2836412,0.0,0.0,0.0,stationary,
1364505445,network,wifi,25.0,43.7027014,-72.2836048,0.0,0.0,0.0,stationary,
1364506645,network,wifi,25.0,43.7027014,-72.2836048,0.0,0.0,0.0,stationary,
1364507845,network,wifi,25.0,43.7027047,-72.2836412,0.0,0.0,0.0,stationary,
1364509045,network,wifi,20.0,43.7007494,-72.2870682,0.0,0.0,0.0,moving,
1364510245,network,wifi,20.0,43.7016054,-72.2879971,0.0,0.0,0.0,moving,
1364511445,network,wifi,20.0,43.7015936,-72.2879934,0.0,0.0,0.0,moving,
1364512645,network,wifi,23.0,43.7015979,-72.2880371,0.0,0.0,0.0,moving,
1364513846,network,wifi,58.236,43.7013375,-72.2869881,0.0,0.0,0.0,moving,
1364515045,network,wifi,44.31,43.7014097,-72.2869593,0.0,0.0,0.0,moving,
1364516245,network,wifi,20.0,43.7014398,-72.2869596,0.0,0.0,0.0,stationary,
1364517445,network,wifi,20.0,43.7014398,-72.2869596,0.0,0.0,0.0,stationary,
1364518646,network,wifi,43.193,43.7014034,-72.2869391,0.0,0.0,0.0,stationary,
1364519846,network,wifi,20.0,43.7013927,-72.2869769,0.0,0.0,0.0,stationary,
1364521045,network,wifi,20.0,43.7013895,-72.2869719,0.0,0.0,0.0,stationary,
1364522245,network,wifi,43.575,43.7013746,-72.2870215,0.0,0.0,0.0,stationary,
1364523445,network,wifi,20.0,43.7014024,-72.2870289,0.0,0.0,0.0,stationary,
1364524645,network,wifi,20.0,43.7014024,-72.2870289,0.0,0.0,0.0,stationary,
1364565400,network,wifi,27.0,43.7087332,-72.284166,0.0,0.0,0.0,,
1364566606,network,wifi,46.981,43.7087903,-72.2840638,0.0,0.0,0.0,,
1364567805,network,wifi,31.119,43.7087661,-72.2837709,0.0,0.0,0.0,stationary,
1364569005,network,wifi,66.373,43.7087042,-72.2837117,0.0,0.0,0.0,stationary,
1364570205,network,wifi,20.0,43.7016064,-72.2880176,0.0,0.0,0.0,moving,
1364571405,network,wifi,20.0,43.7015856,-72.2879884,0.0,0.0,0.0,moving,
1364572606,network,wifi,24.255,43.7066037,-72.2870097,0.0,0.0,0.0,moving,
1364575007,network,wifi,68.608,43.7073022,-72.2878246,0.0,0.0,0.0,moving,
1364576205,network,wifi,20.0,43.7073215,-72.2877314,0.0,0.0,0.0,moving,
1364577405,network,wifi,20.0,43.7073607,-72.2877358,0.0,0.0,0.0,stationary,
1364578605,network,wifi,80.921,43.7067204,-72.2880346,0.0,0.0,0.0,moving,
1364579805,network,wifi,20.0,43.7016027,-72.2880506,0.0,0.0,0.0,moving,
1364581007,network,wifi,34.977,43.7016198,-72.2879911,0.0,0.0,0.0,moving,
1364581008,network,wifi,34.524,43.7016285,-72.2879896,0.0,0.0,0.0,moving,
1364583405,network,wifi,24.0,43.7007051,-72.2868195,0.0,0.0,0.0,moving,
1364585805,network,wifi,22.0,43.7007202,-72.2869484,0.0,0.0,0.0,moving,
1364587005,network,wifi,27.0,43.7007437,-72.2869374,0.0,0.0,0.0,moving,
1364588046,gps,,23.0,43.70065649,-72.28693374,118.099998474,259.3,1.9525625,,
1364589405,network,wifi,26.0,43.7007088,-72.2868605,0.0,0.0,0.0,moving,
1364590605,network,wifi,23.0,43.7007971,-72.286968,0.0,0.0,0.0,moving,
1364591805,network,wifi,20.0,43.7007426,-72.2869594,0.0,0.0,0.0,stationary,
1364593005,network,wifi,20.58,43.7007543,-72.2869638,0.0,0.0,0.0,stationary,
1364594205,network,wifi,37.224,43.7006918,-72.2868654,0.0,0.0,0.0,stationary,
1364595405,network,wifi,36.829,43.7007025,-72.2869035,0.0,0.0,0.0,stationary,
1364596605,network,wifi,23.0,43.7007632,-72.2869287,0.0,0.0,0.0,stationary,
1364597806,network,wifi,46.712,43.7007491,-72.2868459,0.0,0.0,0.0,stationary,
1364599005,network,wifi,44.784,43.7007001,-72.2868464,0.0,0.0,0.0,stationary,
1364600205,network,wifi,43.323,43.7007354,-72.2868931,0.0,0.0,0.0,stationary,
1364601405,network,wifi,42.192,43.7007442,-72.2868738,0.0,0.0,0.0,stationary,
1364602605,network,wifi,41.856,43.7007485,-72.2869283,0.0,0.0,0.0,stationary,
1364603805,network,wifi,39.064,43.7007487,-72.2869776,0.0,0.0,0.0,stationary,
1364605005,network,wifi,21.168,43.7007303,-72.2869209,0.0,0.0,0.0,stationary,
1364606205,network,wifi,35.397,43.7007828,-72.2869773,0.0,0.0,0.0,stationary,
1364607405,network,wifi,35.397,43.7007828,-72.2869773,0.0,0.0,0.0,stationary,
1364608605,network,wifi,22.0,43.7007418,-72.2869453,0.0,0.0,0.0,stationary,
1364609805,network,wifi,42.33,43.700749,-72.2869205,0.0,0.0,0.0,stationary,
1364611005,network,wifi,26.75,43.7007502,-72.2869544,0.0,0.0,0.0,stationary,
1364612205,network,wifi,20.0,43.7007422,-72.2869476,0.0,0.0,0.0,stationary,
1364613405,network,wifi,24.904,43.7007472,-72.2869716,0.0,0.0,0.0,stationary,
1364614605,network,wifi,35.681,43.7007598,-72.2869419,0.0,0.0,0.0,stationary,
1364615805,network,wifi,39.412,43.7007071,-72.2869387,0.0,0.0,0.0,stationary,
1364617005,network,wifi,27.043,43.7007595,-72.2869606,0.0,0.0,0.0,stationary,
1364618205,network,wifi,30.068,43.7007639,-72.2870067,0.0,0.0,0.0,stationary,
1364619405,network,wifi,23.0,43.7007699,-72.2870191,0.0,0.0,0.0,stationary,
1364620605,network,wifi,25.0,43.7007538,-72.2869249,0.0,0.0,0.0,stationary,
1364621805,network,wifi,29.862,43.7007663,-72.2871064,0.0,0.0,0.0,moving,
1364623005,network,wifi,34.823,43.7007075,-72.2869977,0.0,0.0,0.0,stationary,
1364624205,network,wifi,24.0,43.700732,-72.2869285,0.0,0.0,0.0,stationary,
1364625405,network,wifi,37.681,43.7007356,-72.2869905,0.0,0.0,0.0,stationary,
1364626605,network,wifi,43.993,43.7007682,-72.2869075,0.0,0.0,0.0,stationary,
1364627805,network,wifi,34.409,43.7006996,-72.2869847,0.0,0.0,0.0,stationary,
1364629005,network,wifi,38.661,43.7007172,-72.2869586,0.0,0.0,0.0,stationary,
1364630205,network,wifi,42.414,43.7007021,-72.286886,0.0,0.0,0.0,stationary,
1364631405,network,wifi,37.422,43.7007143,-72.2869775,0.0,0.0,0.0,stationary,
1364632605,network,wifi,43.245,43.7007035,-72.2868733,0.0,0.0,0.0,stationary,
1364633805,network,wifi,35.949,43.7007453,-72.2869206,0.0,0.0,0.0,stationary,
1364635005,network,wifi,27.0,43.7007354,-72.2868906,0.0,0.0,0.0,stationary,
1364636205,network,wifi,30.0,43.7007743,-72.2868766,0.0,0.0,0.0,stationary,
1364637405,network,wifi,24.0,43.7007398,-72.2869257,0.0,0.0,0.0,stationary,
1364638605,network,wifi,22.214,43.7007293,-72.2869389,0.0,0.0,0.0,stationary,
1364639805,network,wifi,40.214,43.7007133,-72.2869296,0.0,0.0,0.0,stationary,
1364641005,network,wifi,43.55,43.7007585,-72.2869071,0.0,0.0,0.0,stationary,
1364642205,network,wifi,26.0,43.7007551,-72.2868854,0.0,0.0,0.0,stationary,
1364643405,network,wifi,26.0,43.700731,-72.2868966,0.0,0.0,0.0,stationary,
1364644605,network,wifi,36.571,43.7007118,-72.2869448,0.0,0.0,0.0,stationary,
1364645805,network,wifi,33.46,43.7006912,-72.2869944,0.0,0.0,0.0,stationary,
1364647005,network,wifi,36.925,43.7006633,-72.2868166,0.0,0.0,0.0,stationary,
1364648205,network,wifi,46.16,43.7006891,-72.2868185,0.0,0.0,0.0,stationary,
1364649405,network,wifi,49.77,43.7007386,-72.2867882,0.0,0.0,0.0,stationary,
1364650605,network,wifi,26.0,43.7007281,-72.2869734,0.0,0.0,0.0,stationary,
1364651805,network,wifi,26.0,43.7007203,-72.2868741,0.0,0.0,0.0,stationary,
1364653005,network,wifi,22.0,43.7006622,-72.2866862,0.0,0.0,0.0,moving,
1364654205,network,wifi,37.042,43.7007162,-72.2869855,0.0,0.0,0.0,moving,
1364655405,network,wifi,45.917,43.7027279,-72.2837881,0.0,0.0,0.0,moving,
1364656605,network,wifi,45.917,43.7027279,-72.2837881,0.0,0.0,0.0,moving,
1364657805,network,wifi,44.588,43.7027465,-72.2838072,0.0,0.0,0.0,stationary,
1364659005,network,wifi,47.2,43.7027281,-72.2837689,0.0,0.0,0.0,stationary,
1364660205,network,wifi,47.2,43.7027281,-72.2837689,0.0,0.0,0.0,stationary,
1364661405,network,wifi,47.2,43.7027281,-72.2837689,0.0,0.0,0.0,stationary,
1364662605,network,wifi,25.0,43.7027043,-72.2836413,0.0,0.0,0.0,stationary,
1364663805,network,wifi,25.0,43.7027043,-72.2836413,0.0,0.0,0.0,stationary,
1364665005,network,wifi,25.0,43.7027043,-72.2836413,0.0,0.0,0.0,stationary,
1364666205,network,wifi,25.0,43.7027043,-72.2836413,0.0,0.0,0.0,stationary,
1364667405,network,wifi,45.0,43.7027283,-72.2838711,0.0,0.0,0.0,moving,
1364668605,network,wifi,25.0,43.7027043,-72.2836413,0.0,0.0,0.0,stationary,
1364669806,network,wifi,45.755,43.7027281,-72.2837905,0.0,0.0,0.0,stationary,
1364671005,network,wifi,45.755,43.7027281,-72.2837905,0.0,0.0,0.0,stationary,
1364672205,network,wifi,45.755,43.7027281,-72.2837905,0.0,0.0,0.0,stationary,
1364673405,network,wifi,41.0,43.7027342,-72.2839699,0.0,0.0,0.0,stationary,
1364674605,network,wifi,41.0,43.7027342,-72.2839699,0.0,0.0,0.0,stationary,
1364675805,network,wifi,34.016,43.7027934,-72.2839684,0.0,0.0,0.0,moving,
1364677006,network,wifi,130.092,43.70259,-72.2874806,0.0,0.0,0.0,moving,
1364677121,gps,,13.0,43.70256949,-72.28784599,237.0,0.0,0.0,,
1364690206,gps,,17.0,42.00881745,-71.3042994,39.5999984741,18.7,0.559017,,
1364733400,gps,,9.0,41.99068182,-71.27672317,9.10000038147,345.5,1.4142135,,
1364735426,gps,,21.0,41.99134713,-71.27689197,-36.7000007629,145.2,2.304886,,
1364777807,gps,,11.0,43.17762774,-71.56230083,53.4000015259,302.9,29.75,,
1364777894,gps,,6.0,43.1838694,-71.59135403,70.6999969482,246.7,30.5,,
1364779635,gps,,4.0,43.43846211,-72.04986443,327.799987793,296.6,30.5,,
1364781405,network,wifi,58.907,43.7016462,-72.2879697,0.0,0.0,0.0,moving,
1364782605,network,wifi,20.0,43.701603,-72.2879919,0.0,0.0,0.0,moving,
1364783805,network,wifi,20.0,43.7032918,-72.2866871,0.0,0.0,0.0,moving,
1364785005,network,wifi,28.13,43.7032551,-72.2867405,0.0,0.0,0.0,moving,
1364786205,network,wifi,28.189,43.7032573,-72.286737,0.0,0.0,0.0,stationary,
1364787405,network,wifi,20.0,43.7032784,-72.2867448,0.0,0.0,0.0,stationary,
1364788605,network,wifi,20.0,43.703294,-72.2867825,0.0,0.0,0.0,stationary,
1364789805,network,wifi,20.0,43.7032689,-72.2867404,0.0,0.0,0.0,stationary,
1364791005,network,wifi,28.705,43.7032716,-72.2867161,0.0,0.0,0.0,stationary,
1364792205,network,wifi,29.823,43.7032682,-72.2867595,0.0,0.0,0.0,stationary,
1364793405,network,wifi,20.0,43.7032995,-72.2867764,0.0,0.0,0.0,stationary,
1364794605,network,wifi,32.0,43.7032941,-72.2867367,0.0,0.0,0.0,stationary,
1364795805,network,wifi,31.136,43.7033053,-72.2867316,0.0,0.0,0.0,stationary,
1364797005,network,wifi,20.0,43.7033035,-72.2867634,0.0,0.0,0.0,stationary,
1364798205,network,wifi,20.0,43.7032636,-72.2867262,0.0,0.0,0.0,stationary,
1364799405,network,wifi,23.805,43.7032866,-72.2866802,0.0,0.0,0.0,stationary,
1364800605,network,wifi,20.464,43.7032986,-72.2866928,0.0,0.0,0.0,stationary,
1364801805,network,wifi,31.291,43.7032798,-72.2867088,0.0,0.0,0.0,stationary,
1364803005,network,wifi,31.98,43.7032763,-72.2867181,0.0,0.0,0.0,stationary,
1364804205,network,wifi,28.752,43.7032696,-72.2867232,0.0,0.0,0.0,stationary,
1364805405,network,wifi,20.068,43.7032916,-72.2867356,0.0,0.0,0.0,stationary,
1364806605,network,wifi,31.821,43.7032589,-72.2866945,0.0,0.0,0.0,stationary,
1364807805,network,wifi,28.999,43.7032885,-72.2866715,0.0,0.0,0.0,stationary,
1364809005,network,wifi,20.0,43.7032709,-72.2866805,0.0,0.0,0.0,stationary,
1364810205,network,wifi,22.726,43.70328,-72.2866977,0.0,0.0,0.0,stationary,
1364811405,network,wifi,20.924,43.7032924,-72.2867226,0.0,0.0,0.0,stationary,
1364812605,network,wifi,20.652,43.7032917,-72.2867268,0.0,0.0,0.0,stationary,
1364813805,network,wifi,21.249,43.7033006,-72.2867167,0.0,0.0,0.0,stationary,
1364815005,network,wifi,29.574,43.7032936,-72.2866773,0.0,0.0,0.0,stationary,
1364817405,network,wifi,23.0,43.7027055,-72.2836416,0.0,0.0,0.0,moving,
1364818605,network,wifi,23.0,43.7027055,-72.2836416,0.0,0.0,0.0,stationary,
1364819805,network,wifi,23.0,43.7027055,-72.2836416,0.0,0.0,0.0,stationary,
1364821006,network,wifi,64.181,43.7089349,-72.2836954,0.0,0.0,0.0,moving,
1364822205,network,wifi,41.142,43.7089223,-72.2839368,0.0,0.0,0.0,moving,
1364823405,network,wifi,39.209,43.7089175,-72.2839668,0.0,0.0,0.0,stationary,
1364824605,network,wifi,81.694,43.7088002,-72.2841585,0.0,0.0,0.0,moving,
1364825805,network,wifi,47.202,43.7087845,-72.2840741,0.0,0.0,0.0,stationary,
1364827005,network,wifi,35.866,43.7086701,-72.2837244,0.0,0.0,0.0,stationary,
1364828205,network,wifi,68.0,43.708212,-72.2842015,0.0,0.0,0.0,stationary,
1364829405,network,wifi,20.0,43.701595,-72.2879811,0.0,0.0,0.0,moving,
1364830605,network,wifi,22.0,43.700721,-72.2868509,0.0,0.0,0.0,moving,
1364831805,network,wifi,40.5,43.7007531,-72.286871,0.0,0.0,0.0,moving,
1364833005,network,wifi,25.0,43.7007334,-72.286884,0.0,0.0,0.0,stationary,
1364834205,network,wifi,40.5,43.700756,-72.2870468,0.0,0.0,0.0,moving,
1364835405,network,wifi,24.0,43.7007662,-72.2870178,0.0,0.0,0.0,stationary,
1364836605,network,wifi,25.439,43.7007545,-72.2869355,0.0,0.0,0.0,stationary,
1364837805,network,wifi,26.0,43.7007619,-72.2869369,0.0,0.0,0.0,stationary,
1364839005,network,wifi,27.312,43.7007611,-72.2869649,0.0,0.0,0.0,stationary,
1364840205,network,wifi,27.0,43.7007689,-72.2869252,0.0,0.0,0.0,stationary,
1364841405,network,wifi,28.0,43.7007556,-72.2869675,0.0,0.0,0.0,stationary,
1364842605,network,wifi,20.105,43.7007254,-72.2869716,0.0,0.0,0.0,stationary,
1364843805,network,wifi,34.5,43.7007798,-72.2870384,0.0,0.0,0.0,stationary,
1364845005,network,wifi,30.0,43.7007401,-72.2870545,0.0,0.0,0.0,stationary,
1364846205,network,wifi,34.5,43.7007862,-72.2870156,0.0,0.0,0.0,stationary,
1364847405,network,wifi,28.971,43.70075,-72.2869879,0.0,0.0,0.0,stationary,
1364848605,network,wifi,29.261,43.7007573,-72.2869936,0.0,0.0,0.0,stationary,
1364849805,network,wifi,23.0,43.7007416,-72.2870456,0.0,0.0,0.0,stationary,
1364851005,network,wifi,27.38,43.7007562,-72.2869651,0.0,0.0,0.0,stationary,
1364852205,network,wifi,26.577,43.7007791,-72.286956,0.0,0.0,0.0,stationary,
1364853405,network,wifi,24.233,43.7007368,-72.2869126,0.0,0.0,0.0,stationary,
1364854605,network,wifi,26.853,43.7007722,-72.2869595,0.0,0.0,0.0,stationary,
1364855805,network,wifi,30.0,43.7007652,-72.286921,0.0,0.0,0.0,stationary,
1364857005,network,wifi,27.0,43.7007413,-72.2869333,0.0,0.0,0.0,stationary,
1364858205,network,wifi,21.898,43.7007451,-72.2869905,0.0,0.0,0.0,stationary,
1364859405,network,wifi,20.986,43.7007408,-72.2869782,0.0,0.0,0.0,stationary,
1364860605,network,wifi,27.0,43.700707,-72.2868281,0.0,0.0,0.0,stationary,
1364861805,network,wifi,27.0,43.7007336,-72.2869814,0.0,0.0,0.0,stationary,
1364863001,gps,,10.0,43.70065679,-72.28685874,124.699996948,0.0,0.0,,
1364864205,network,wifi,26.0,43.7007489,-72.2868026,0.0,0.0,0.0,stationary,
1364865405,network,wifi,25.264,43.7007629,-72.2869662,0.0,0.0,0.0,stationary,
1364866605,network,wifi,25.0,43.7006602,-72.2866868,0.0,0.0,0.0,moving,
1364867805,network,wifi,28.0,43.7007352,-72.2868816,0.0,0.0,0.0,moving,
1364869005,network,wifi,26.0,43.7007618,-72.2869304,0.0,0.0,0.0,stationary,
1364870205,network,wifi,20.0,43.7016059,-72.2881014,0.0,0.0,0.0,moving,
1364871405,network,wifi,20.0,43.7016158,-72.2879857,0.0,0.0,0.0,moving,
1364872605,network,wifi,20.0,43.7016161,-72.2880007,0.0,0.0,0.0,stationary,
1364873809,network,wifi,70.246,43.7022757,-72.2879392,0.0,0.0,0.0,moving,
1364875005,network,wifi,20.0,43.7032691,-72.2866889,0.0,0.0,0.0,moving,
1364876205,network,wifi,21.113,43.7032722,-72.2866832,0.0,0.0,0.0,moving,
1364877405,network,wifi,28.247,43.7032681,-72.2867104,0.0,0.0,0.0,stationary,
1364878605,network,wifi,28.502,43.7033183,-72.2866963,0.0,0.0,0.0,stationary,
1364879805,network,wifi,28.959,43.7033158,-72.2867022,0.0,0.0,0.0,stationary,
1364881005,network,wifi,27.965,43.70331,-72.2866783,0.0,0.0,0.0,stationary,
1364882205,network,wifi,29.891,43.7032964,-72.2866805,0.0,0.0,0.0,stationary,
1364883405,network,wifi,29.781,43.7032786,-72.286678,0.0,0.0,0.0,stationary,
1364884605,network,wifi,28.958,43.7032926,-72.2866783,0.0,0.0,0.0,stationary,
1364885805,network,wifi,20.0,43.7032665,-72.2866742,0.0,0.0,0.0,stationary,
1364887005,network,wifi,20.0,43.7032651,-72.2866775,0.0,0.0,0.0,stationary,
1364888205,network,wifi,32.943,43.7032954,-72.286703,0.0,0.0,0.0,stationary,
1364889406,network,wifi,28.243,43.7032642,-72.2867211,0.0,0.0,0.0,stationary,
1364890605,network,wifi,20.278,43.7032683,-72.2866961,0.0,0.0,0.0,stationary,
1364891805,network,wifi,21.009,43.7033144,-72.2867195,0.0,0.0,0.0,stationary,
1364893005,network,wifi,30.6,43.7032964,-72.2867092,0.0,0.0,0.0,stationary,
1364894205,network,wifi,26.099,43.7032535,-72.2866769,0.0,0.0,0.0,stationary,
1364895405,network,wifi,20.0,43.7032975,-72.2866873,0.0,0.0,0.0,stationary,
1364896605,network,wifi,35.057,43.703294,-72.2866699,0.0,0.0,0.0,stationary,
1364897805,network,wifi,20.0,43.7032751,-72.2866441,0.0,0.0,0.0,stationary,
1364899005,network,wifi,30.808,43.7033062,-72.2866833,0.0,0.0,0.0,stationary,
1364900205,network,wifi,29.806,43.703286,-72.2866872,0.0,0.0,0.0,stationary,
1364901405,network,wifi,20.0,43.7032787,-72.2866438,0.0,0.0,0.0,stationary,
1364902605,network,wifi,28.473,43.7033158,-72.2866934,0.0,0.0,0.0,stationary,
1364903805,network,wifi,30.201,43.7033006,-72.286689,0.0,0.0,0.0,stationary,
1364905005,network,wifi,20.0,43.7032751,-72.2866441,0.0,0.0,0.0,stationary,
1364906205,network,wifi,20.0,43.7032683,-72.2866792,0.0,0.0,0.0,stationary,
1364907405,network,wifi,20.0,43.7032751,-72.2866441,0.0,0.0,0.0,stationary,
1364908605,network,wifi,20.0,43.7032791,-72.2866386,0.0,0.0,0.0,stationary,
1364909805,network,wifi,31.373,43.7033022,-72.2867245,0.0,0.0,0.0,moving,
1364911006,network,wifi,22.0,43.7027007,-72.2836028,0.0,0.0,0.0,moving,
1364912205,network,wifi,24.0,43.7027037,-72.2836401,0.0,0.0,0.0,moving,
1364913405,network,wifi,24.0,43.7027037,-72.2836401,0.0,0.0,0.0,stationary,
1364914605,network,wifi,25.0,43.7027014,-72.2836051,0.0,0.0,0.0,stationary,
1364915805,network,wifi,24.0,43.7027037,-72.2836401,0.0,0.0,0.0,stationary,
1364917005,network,wifi,50.015,43.7027609,-72.2843826,0.0,0.0,0.0,moving,
1364917006,network,wifi,50.015,43.7027609,-72.2843826,0.0,0.0,0.0,moving,
1364919405,network,wifi,36.0,43.706784,-72.2870652,0.0,0.0,0.0,moving,
1364919406,network,wifi,36.0,43.706784,-72.2870652,0.0,0.0,0.0,moving,
1364921805,network,wifi,23.067,43.7068852,-72.2870139,0.0,0.0,0.0,stationary,
1364923005,network,wifi,26.0,43.7007161,-72.2868608,0.0,0.0,0.0,moving,
1364924205,network,wifi,32.76,43.7007434,-72.2870517,0.0,0.0,0.0,moving,
1364925405,network,wifi,32.879,43.7007404,-72.2870453,0.0,0.0,0.0,stationary,
1364926606,network,wifi,35.225,43.7007476,-72.2870466,0.0,0.0,0.0,stationary,
1364927806,network,wifi,34.227,43.7007373,-72.2870145,0.0,0.0,0.0,stationary,
1364929005,network,wifi,20.0,43.7016073,-72.2879967,0.0,0.0,0.0,moving,
1364930205,network,wifi,20.0,43.7016172,-72.2880494,0.0,0.0,0.0,moving,
1364931405,network,wifi,38.0,43.7005616,-72.2872043,0.0,0.0,0.0,moving,
1364932605,network,wifi,29.244,43.7006905,-72.2871002,0.0,0.0,0.0,moving,
1364933805,network,wifi,24.0,43.7007409,-72.2869025,0.0,0.0,0.0,moving,
1364935005,network,wifi,40.5,43.7007719,-72.2869635,0.0,0.0,0.0,stationary,
1364936205,network,wifi,39.0,43.7007696,-72.2870172,0.0,0.0,0.0,stationary,
1364937405,network,wifi,25.152,43.7007448,-72.2869289,0.0,0.0,0.0,stationary,
1364938606,network,wifi,60.118,43.701631,-72.2880322,0.0,0.0,0.0,moving,
1364939805,network,wifi,20.0,43.7016493,-72.2880547,0.0,0.0,0.0,moving,
1364941006,network,wifi,165.725,43.7045726,-72.2894383,0.0,0.0,0.0,moving,
1364942206,network,wifi,56.017,43.7052037,-72.2891949,0.0,0.0,0.0,moving,
1364943406,network,wifi,31.385,43.7052067,-72.2892536,0.0,0.0,0.0,moving,
1364944605,network,wifi,33.844,43.705223,-72.2891964,0.0,0.0,0.0,stationary,
1364945805,network,wifi,32.808,43.7052046,-72.2892299,0.0,0.0,0.0,stationary,
1364947005,network,wifi,32.328,43.7052112,-72.2892325,0.0,0.0,0.0,stationary,
1364948205,network,wifi,31.029,43.7052186,-72.289249,0.0,0.0,0.0,stationary,
1364949405,network,wifi,33.731,43.7052003,-72.2892173,0.0,0.0,0.0,stationary,
1364950605,network,wifi,20.0,43.7052071,-72.2891776,0.0,0.0,0.0,stationary,
1364951805,network,wifi,32.318,43.7052282,-72.2892185,0.0,0.0,0.0,stationary,
1364953006,network,wifi,24.0,43.7026005,-72.2836092,0.0,0.0,0.0,moving,
1364954205,network,wifi,55.644,43.7026337,-72.2836737,0.0,0.0,0.0,moving,
1364955405,network,wifi,23.0,43.7026685,-72.2836029,0.0,0.0,0.0,moving,
1364956605,network,wifi,27.0,43.7027049,-72.2836413,0.0,0.0,0.0,moving,
1364957805,network,wifi,20.0,43.701588,-72.288028,0.0,0.0,0.0,moving,
1364959005,network,wifi,22.287,43.7016357,-72.2880633,0.0,0.0,0.0,moving,
1364960205,network,wifi,88.01,43.7020857,-72.288001,0.0,0.0,0.0,moving,
1364961405,network,wifi,25.195,43.7033135,-72.2866292,0.0,0.0,0.0,moving,
1364992841,network,wifi,24.522,43.7033224,-72.2866264,0.0,0.0,0.0,,
1364994047,network,wifi,29.338,43.7088474,-72.2840973,0.0,0.0,0.0,,
1364995247,network,wifi,34.483,43.7088755,-72.2840139,0.0,0.0,0.0,moving,
1364996447,network,wifi,62.156,43.7088998,-72.2841207,0.0,0.0,0.0,stationary,
1364997647,network,wifi,57.005,43.7086523,-72.2841704,0.0,0.0,0.0,moving,
1364998847,network,wifi,43.0,43.7083551,-72.2842844,0.0,0.0,0.0,moving,
1365000047,network,wifi,45.0,43.7084771,-72.2842494,0.0,0.0,0.0,stationary,
1365001247,network,wifi,46.121,43.7087938,-72.2840852,0.0,0.0,0.0,stationary,
1365002447,network,wifi,27.0,43.7006608,-72.2866825,0.0,0.0,0.0,moving,
1365003647,network,wifi,26.0,43.7007114,-72.2868928,0.0,0.0,0.0,moving,
1365004847,network,wifi,43.228,43.7007165,-72.2868817,0.0,0.0,0.0,moving,
1365006047,network,wifi,20.0,43.7016233,-72.2880286,0.0,0.0,0.0,moving,
1365007247,network,wifi,20.0,43.7073833,-72.2877243,0.0,0.0,0.0,moving,
1365008447,network,wifi,20.0,43.7073538,-72.2877948,0.0,0.0,0.0,moving,
1365009647,network,wifi,20.0,43.7073402,-72.287659,0.0,0.0,0.0,stationary,
1365010847,network,wifi,20.0,43.7016477,-72.2880806,0.0,0.0,0.0,moving,
1365012047,network,wifi,20.0,43.7015915,-72.2880057,0.0,0.0,0.0,moving,
1365013247,network,wifi,20.0,43.7016117,-72.2880068,0.0,0.0,0.0,stationary,
1365014447,network,wifi,24.0,43.7007098,-72.2871025,0.0,0.0,0.0,moving,
1365015647,network,wifi,28.0,43.7006602,-72.2866866,0.0,0.0,0.0,moving,
1365016848,network,wifi,23.0,43.702728,-72.2837629,0.0,0.0,0.0,moving,
1365018047,network,wifi,29.0,43.7027008,-72.2838245,0.0,0.0,0.0,moving,
1365019247,network,wifi,30.298,43.7027668,-72.2839977,0.0,0.0,0.0,stationary,
1365020447,network,wifi,28.643,43.7027673,-72.2840044,0.0,0.0,0.0,stationary,
1365021647,network,wifi,28.643,43.7027673,-72.2840044,0.0,0.0,0.0,stationary,
1365022847,network,wifi,38.0,43.7028126,-72.2840698,0.0,0.0,0.0,stationary,
1365024047,network,wifi,30.0,43.702709,-72.2837623,0.0,0.0,0.0,stationary,
1365025247,network,wifi,25.0,43.7026824,-72.283673,0.0,0.0,0.0,moving,
1365026447,network,wifi,28.0,43.7027043,-72.2836412,0.0,0.0,0.0,stationary,
1365027648,network,wifi,25.0,43.7046387,-72.2910106,0.0,0.0,0.0,moving,
1365028848,network,wifi,26.705,43.7030846,-72.2909412,0.0,0.0,0.0,moving,
1365030047,network,wifi,28.392,43.7030712,-72.29122,0.0,0.0,0.0,moving,
1365031247,network,wifi,27.25,43.7031892,-72.2908896,0.0,0.0,0.0,moving,
1365032447,network,wifi,31.375,43.7052251,-72.2892373,0.0,0.0,0.0,moving,
1365033647,network,wifi,32.322,43.7052043,-72.2892389,0.0,0.0,0.0,moving,
1365034847,network,wifi,35.676,43.7051753,-72.2892058,0.0,0.0,0.0,stationary,
1365036047,network,wifi,31.281,43.7052423,-72.2892255,0.0,0.0,0.0,stationary,
1365037247,network,wifi,35.135,43.7051924,-72.2891994,0.0,0.0,0.0,stationary,
1365038447,network,wifi,20.0,43.7051702,-72.2891915,0.0,0.0,0.0,stationary,
1365039647,network,wifi,34.694,43.7051994,-72.289201,0.0,0.0,0.0,stationary,
1365040847,network,wifi,32.794,43.7052336,-72.2892063,0.0,0.0,0.0,stationary,
1365042047,network,wifi,36.052,43.7051858,-72.289189,0.0,0.0,0.0,stationary,
1365043247,network,wifi,31.92,43.7052215,-72.2892308,0.0,0.0,0.0,stationary,
1365044448,network,wifi,86.11,43.7041218,-72.2836852,0.0,0.0,0.0,moving,
1365045648,network,wifi,41.455,43.7043073,-72.2839213,0.0,0.0,0.0,moving,
1365078869,network,wifi,53.767,43.7027192,-72.2836713,0.0,0.0,0.0,,
1365080075,network,wifi,21.782,43.7089194,-72.2839284,0.0,0.0,0.0,,
1365081275,network,wifi,41.191,43.7089198,-72.2839338,0.0,0.0,0.0,moving,
1365082475,network,wifi,40.694,43.708907,-72.2839319,0.0,0.0,0.0,stationary,
1365083675,network,wifi,39.046,43.7089122,-72.283965,0.0,0.0,0.0,stationary,
1365084875,network,wifi,35.661,43.7055129,-72.2887547,0.0,0.0,0.0,moving,
1365086075,network,wifi,34.214,43.7055275,-72.2887465,0.0,0.0,0.0,moving,
1365087275,network,wifi,20.0,43.7055105,-72.2887308,0.0,0.0,0.0,stationary,
1365088475,network,wifi,26.0,43.7068973,-72.2869591,0.0,0.0,0.0,moving,
1365089675,network,wifi,20.0,43.7068962,-72.2869743,0.0,0.0,0.0,moving,
1365090875,network,wifi,27.0,43.7087288,-72.2841185,0.0,0.0,0.0,moving,
1365092075,network,wifi,45.447,43.7087952,-72.2841078,0.0,0.0,0.0,stationary,
1365093275,network,wifi,27.571,43.7087651,-72.2841575,0.0,0.0,0.0,stationary,
1365095675,network,wifi,20.0,43.701619,-72.2881418,0.0,0.0,0.0,moving,
1365096875,network,wifi,25.0,43.7006608,-72.2866863,0.0,0.0,0.0,moving,
1365098075,network,wifi,22.808,43.7007041,-72.2867943,0.0,0.0,0.0,moving,
1365099275,network,wifi,25.0,43.7007142,-72.2868236,0.0,0.0,0.0,stationary,
1365100475,network,wifi,40.5,43.7007094,-72.2868805,0.0,0.0,0.0,stationary,
1365101675,network,wifi,27.0,43.7007186,-72.286841,0.0,0.0,0.0,stationary,
1365102875,network,wifi,25.0,43.7007097,-72.2868209,0.0,0.0,0.0,stationary,
1365104075,network,wifi,24.0,43.7007369,-72.2869106,0.0,0.0,0.0,stationary,
1365105275,network,wifi,25.0,43.7027043,-72.2836413,0.0,0.0,0.0,moving,
1365106475,network,wifi,69.225,43.7026891,-72.2838046,0.0,0.0,0.0,moving,
1365107675,network,wifi,49.052,43.7027362,-72.2837485,0.0,0.0,0.0,stationary,
1365108875,network,wifi,47.541,43.7027491,-72.2837697,0.0,0.0,0.0,stationary,
1365110075,network,wifi,39.0,43.7027595,-72.2839864,0.0,0.0,0.0,stationary,
1365111275,network,wifi,25.0,43.7027043,-72.2836413,0.0,0.0,0.0,moving,
1365112475,network,wifi,39.09,43.7015997,-72.2880459,0.0,0.0,0.0,moving,
1365113675,network,wifi,20.0,43.7016155,-72.2880057,0.0,0.0,0.0,moving,
1365114875,network,wifi,20.0,43.7016106,-72.288024,0.0,0.0,0.0,stationary,
1365116075,network,wifi,30.81,43.7007652,-72.287018,0.0,0.0,0.0,moving,
1365117275,network,wifi,24.912,43.700749,-72.2869705,0.0,0.0,0.0,moving,
1365118475,network,wifi,29.37,43.700763,-72.2869961,0.0,0.0,0.0,stationary,
1365119675,network,wifi,29.949,43.7007596,-72.2870043,0.0,0.0,0.0,stationary,
1365120875,network,wifi,29.989,43.7007609,-72.2870051,0.0,0.0,0.0,stationary,
1365122075,network,wifi,33.0,43.7007775,-72.2870131,0.0,0.0,0.0,stationary,
1365123275,network,wifi,25.0,43.7007545,-72.286887,0.0,0.0,0.0,stationary,
1365124475,network,wifi,26.425,43.7007689,-72.2869527,0.0,0.0,0.0,stationary,
1365125675,network,wifi,25.116,43.7007574,-72.2869312,0.0,0.0,0.0,stationary,
1365126875,network,wifi,21.758,43.7007378,-72.2869255,0.0,0.0,0.0,stationary,
1365128075,network,wifi,21.0,43.700738,-72.2869448,0.0,0.0,0.0,stationary,
1365129275,network,wifi,21.0,43.700771,-72.2869849,0.0,0.0,0.0,stationary,
1365165486,network,wifi,24.0,43.7007426,-72.2868582,0.0,0.0,0.0,,
1365166685,network,wifi,55.265,43.708891,-72.2839821,0.0,0.0,0.0,,
1365167885,network,wifi,49.927,43.7089182,-72.2839091,0.0,0.0,0.0,moving,
1365169085,network,wifi,28.507,43.7088515,-72.2841085,0.0,0.0,0.0,stationary,
1365170285,network,wifi,37.0,43.7086922,-72.2841342,0.0,0.0,0.0,moving,
1365171485,network,wifi,51.168,43.7087475,-72.2840431,0.0,0.0,0.0,stationary,
1365172685,network,wifi,52.597,43.7087093,-72.2841267,0.0,0.0,0.0,stationary,
1365173885,network,wifi,23.0,43.7087003,-72.2841047,0.0,0.0,0.0,stationary,
1365175088,network,wifi,20.0,43.7054975,-72.2887726,0.0,0.0,0.0,moving,
1365176285,network,wifi,33.578,43.7054725,-72.2887052,0.0,0.0,0.0,moving,
1365177486,network,wifi,30.801,43.7055489,-72.2885831,0.0,0.0,0.0,stationary,
1365178685,network,wifi,35.395,43.7054698,-72.2887207,0.0,0.0,0.0,stationary,
1365179885,network,wifi,71.728,43.7073219,-72.2877813,0.0,0.0,0.0,moving,
1365181085,network,wifi,70.716,43.7073427,-72.2878013,0.0,0.0,0.0,moving,
1365182285,network,wifi,72.211,43.7073426,-72.2877786,0.0,0.0,0.0,stationary,
1365183488,network,wifi,79.596,43.7038583,-72.2872959,0.0,0.0,0.0,moving,
1365184685,network,wifi,25.0,43.7027047,-72.2836412,0.0,0.0,0.0,moving,
1365185885,network,wifi,33.516,43.7027739,-72.2839918,0.0,0.0,0.0,moving,
1365187085,network,wifi,37.966,43.7027634,-72.2839173,0.0,0.0,0.0,stationary,
1365188285,network,wifi,58.437,43.7027284,-72.2839834,0.0,0.0,0.0,moving,
1365189485,network,wifi,48.924,43.702838,-72.2843468,0.0,0.0,0.0,stationary,
1365190685,network,wifi,55.5,43.7027501,-72.2837302,0.0,0.0,0.0,moving,
1365191886,network,wifi,29.669,43.7072125,-72.2878744,0.0,0.0,0.0,moving,
1365193085,network,wifi,23.64,43.7070207,-72.2877333,0.0,0.0,0.0,moving,
1365194285,network,wifi,20.0,43.7070369,-72.2877345,0.0,0.0,0.0,stationary,
1365195485,network,wifi,20.0,43.7070407,-72.2877352,0.0,0.0,0.0,stationary,
1365196685,network,wifi,20.0,43.7070414,-72.2877366,0.0,0.0,0.0,stationary,
1365197781,gps,,19.0,43.70689662,-72.28811768,204.800003052,180.4,0.75,,
1365199085,network,wifi,20.0,43.7016377,-72.2880617,0.0,0.0,0.0,moving,
1365200285,network,wifi,20.0,43.7016366,-72.2880733,0.0,0.0,0.0,moving,
1365201486,network,wifi,54.821,43.700727,-72.2867848,0.0,0.0,0.0,moving,
1365202685,network,wifi,29.98,43.7007809,-72.287007,0.0,0.0,0.0,moving,
1365203885,network,wifi,29.177,43.7007659,-72.2869936,0.0,0.0,0.0,stationary,
1365205085,network,wifi,24.507,43.7007589,-72.2870249,0.0,0.0,0.0,stationary,
1365206285,network,wifi,28.383,43.7007624,-72.2869812,0.0,0.0,0.0,stationary,
1365207485,network,wifi,25.107,43.7033072,-72.2866197,0.0,0.0,0.0,moving,
1365208685,network,wifi,29.093,43.7033127,-72.2867017,0.0,0.0,0.0,moving,
1365209885,network,wifi,21.133,43.7032762,-72.2867227,0.0,0.0,0.0,stationary,
1365211085,network,wifi,20.0,43.7032811,-72.2866513,0.0,0.0,0.0,stationary,
1365212285,network,wifi,25.105,43.7032526,-72.2866362,0.0,0.0,0.0,stationary,
1365213485,network,wifi,30.909,43.7033123,-72.2866626,0.0,0.0,0.0,stationary,
1365214685,network,wifi,22.559,43.7032869,-72.2866989,0.0,0.0,0.0,stationary,
1365215885,network,wifi,22.711,43.7032826,-72.2866974,0.0,0.0,0.0,stationary,
1365217086,network,wifi,20.0,43.7041579,-72.2860812,0.0,0.0,0.0,moving,
1365218285,network,wifi,30.0,43.7007804,-72.2870396,0.0,0.0,0.0,moving,
1365220687,network,wifi,43.908,43.7060269,-72.291136,0.0,0.0,0.0,moving,
1365223086,network,wifi,38.509,43.7058604,-72.2887687,0.0,0.0,0.0,moving,
1365224285,network,wifi,38.328,43.7058617,-72.2887416,0.0,0.0,0.0,moving,
1365225485,network,wifi,38.391,43.7058628,-72.2887375,0.0,0.0,0.0,stationary,
1365226685,network,wifi,20.0,43.7032782,-72.2866425,0.0,0.0,0.0,moving,
1365227885,network,wifi,20.0,43.7032789,-72.2866456,0.0,0.0,0.0,moving,
1365229085,network,wifi,23.756,43.7032845,-72.2866813,0.0,0.0,0.0,stationary,
1365230285,network,wifi,20.0,43.7033052,-72.2867262,0.0,0.0,0.0,stationary,
1365231485,network,wifi,20.771,43.7032683,-72.2866887,0.0,0.0,0.0,stationary,
1365232685,network,wifi,31.716,43.703308,-72.2867141,0.0,0.0,0.0,stationary,
1365233885,network,wifi,20.0,43.7032975,-72.2866925,0.0,0.0,0.0,stationary,
1365235085,network,wifi,20.0,43.7032765,-72.2866648,0.0,0.0,0.0,stationary,
1365236285,network,wifi,31.565,43.7033104,-72.2867,0.0,0.0,0.0,stationary,
1365237485,network,wifi,20.114,43.7033214,-72.2867329,0.0,0.0,0.0,stationary,
1365238685,network,wifi,24.701,43.7032887,-72.2866664,0.0,0.0,0.0,stationary,
1365239885,network,wifi,20.985,43.7033011,-72.2867206,0.0,0.0,0.0,stationary,
1365241085,network,wifi,33.379,43.7033075,-72.2866898,0.0,0.0,0.0,stationary,
1365242285,network,wifi,22.787,43.7032918,-72.2866947,0.0,0.0,0.0,stationary,
1365243485,network,wifi,23.235,43.7032837,-72.2866893,0.0,0.0,0.0,stationary,
1365244685,network,wifi,27.974,43.7033116,-72.2866801,0.0,0.0,0.0,stationary,
1365245885,network,wifi,22.586,43.7032806,-72.2866997,0.0,0.0,0.0,stationary,
1365247085,network,wifi,30.642,43.7033106,-72.2866672,0.0,0.0,0.0,stationary,
1365248285,network,wifi,30.294,43.703313,-72.2866712,0.0,0.0,0.0,stationary,
1365249485,network,wifi,20.0,43.7032696,-72.2866636,0.0,0.0,0.0,stationary,
1365250685,network,wifi,21.749,43.7033034,-72.286674,0.0,0.0,0.0,stationary,
1365251885,network,wifi,28.098,43.703266,-72.2867113,0.0,0.0,0.0,stationary,
1365253085,network,wifi,31.171,43.7032879,-72.2867526,0.0,0.0,0.0,stationary,
1365254285,network,wifi,32.928,43.7033107,-72.286749,0.0,0.0,0.0,stationary,
1365255485,network,wifi,29.834,43.7033024,-72.2867052,0.0,0.0,0.0,stationary,
1365256685,network,wifi,29.834,43.7033024,-72.2867052,0.0,0.0,0.0,stationary,
1365257885,network,wifi,31.724,43.7033201,-72.28671,0.0,0.0,0.0,stationary,
1365259085,network,wifi,32.963,43.7033,-72.2867002,0.0,0.0,0.0,stationary,
1365260285,network,wifi,32.693,43.7033008,-72.2867041,0.0,0.0,0.0,stationary,
1365261485,network,wifi,30.261,43.7032911,-72.2867133,0.0,0.0,0.0,stationary,
1365262685,network,wifi,31.359,43.7032996,-72.286727,0.0,0.0,0.0,stationary,
1365263885,network,wifi,20.941,43.7032847,-72.2867237,0.0,0.0,0.0,stationary,
1365265085,network,wifi,25.952,43.7032467,-72.2866928,0.0,0.0,0.0,stationary,
1365266285,network,wifi,20.0,43.7032885,-72.2866878,0.0,0.0,0.0,stationary,
1365267485,network,wifi,20.69,43.7032738,-72.2866894,0.0,0.0,0.0,stationary,
1365268685,network,wifi,28.501,43.7033204,-72.286698,0.0,0.0,0.0,stationary,
1365269885,network,wifi,20.0,43.7032694,-72.2866594,0.0,0.0,0.0,stationary,
1365271085,network,wifi,26.579,43.7032561,-72.2866868,0.0,0.0,0.0,stationary,
1365272285,network,wifi,20.0,43.7033015,-72.2866558,0.0,0.0,0.0,moving,
1365273485,network,wifi,26.0,43.7007675,-72.2869044,0.0,0.0,0.0,moving,
1365274685,network,wifi,36.0,43.7022068,-72.2878894,0.0,0.0,0.0,moving,
1365379092,network,wifi,20.0,43.701641,-72.288061,0.0,0.0,0.0,,
1365380292,network,wifi,54.461,43.7006909,-72.2868075,0.0,0.0,0.0,,
1365381492,network,wifi,54.527,43.7007212,-72.2867846,0.0,0.0,0.0,moving,
1365382692,network,wifi,59.627,43.7007472,-72.2868519,0.0,0.0,0.0,stationary,
1365383892,network,wifi,20.0,43.700755,-72.2870286,0.0,0.0,0.0,stationary,
1365385092,network,wifi,67.75,43.7007426,-72.286994,0.0,0.0,0.0,stationary,
1365389882,network,wifi,30.031,43.7032934,-72.2866971,0.0,0.0,0.0,,
1365393045,network,wifi,28.679,43.703318,-72.2866992,0.0,0.0,0.0,,
1365432823,network,wifi,27.291,43.705485,-72.2887232,0.0,0.0,0.0,,
1365434028,network,wifi,55.0,43.7054886,-72.2889807,0.0,0.0,0.0,,
1365435229,network,wifi,23.654,43.706601,-72.2870198,0.0,0.0,0.0,moving,
1365436429,network,wifi,20.0,43.7066961,-72.2873122,0.0,0.0,0.0,moving,
1365437628,network,wifi,20.0,43.7066929,-72.2873236,0.0,0.0,0.0,stationary,
1365438828,network,wifi,73.142,43.7073484,-72.2877659,0.0,0.0,0.0,moving,
1365440028,network,wifi,69.695,43.7073473,-72.2878034,0.0,0.0,0.0,moving,
1365441228,network,wifi,20.0,43.7074017,-72.287759,0.0,0.0,0.0,stationary,
1365442428,network,wifi,55.376,43.707274,-72.2879242,0.0,0.0,0.0,moving,
1365443630,network,wifi,57.878,43.7049174,-72.2882993,0.0,0.0,0.0,moving,
1365444829,network,wifi,33.8,43.7052914,-72.2886972,0.0,0.0,0.0,moving,
1365446028,network,wifi,38.763,43.7058685,-72.2887182,0.0,0.0,0.0,moving,
1365447228,network,wifi,39.0,43.7026769,-72.2838845,0.0,0.0,0.0,moving,
1365448428,network,wifi,43.767,43.7027407,-72.2838196,0.0,0.0,0.0,moving,
1365449628,network,wifi,29.0,43.7027037,-72.2836413,0.0,0.0,0.0,moving,
1365450828,network,wifi,29.0,43.7027037,-72.2836413,0.0,0.0,0.0,stationary,
1365452028,network,wifi,29.0,43.7027037,-72.2836413,0.0,0.0,0.0,stationary,
1365453228,network,wifi,29.0,43.7027037,-72.2836413,0.0,0.0,0.0,stationary,
1365454430,network,wifi,49.376,43.7027176,-72.284572,0.0,0.0,0.0,moving,
1365455628,network,wifi,20.0,43.7031596,-72.2908588,0.0,0.0,0.0,moving,
1365456830,network,wifi,20.0,43.7031609,-72.2907365,0.0,0.0,0.0,moving,
1365458029,network,wifi,20.641,43.7031438,-72.2908056,0.0,0.0,0.0,stationary,
1365459229,network,wifi,23.373,43.7068944,-72.286995,0.0,0.0,0.0,moving,
1365460428,network,wifi,27.667,43.7067262,-72.2871709,0.0,0.0,0.0,moving,
1365461628,network,wifi,26.719,43.7067334,-72.2871851,0.0,0.0,0.0,stationary,
1365462829,network,wifi,29.366,43.7066471,-72.287099,0.0,0.0,0.0,stationary,
1365464028,network,wifi,27.41,43.7007719,-72.2869678,0.0,0.0,0.0,moving,
1365465228,network,wifi,58.495,43.7006544,-72.2868979,0.0,0.0,0.0,moving,
1365466428,network,wifi,65.262,43.7007472,-72.2869488,0.0,0.0,0.0,stationary,
1365467628,network,wifi,60.17,43.7007049,-72.2868935,0.0,0.0,0.0,stationary,
1365468828,network,wifi,45.0,43.700628,-72.2861631,0.0,0.0,0.0,moving,
1365470028,network,wifi,30.478,43.7007273,-72.2870052,0.0,0.0,0.0,moving,
1365471228,network,wifi,32.0,43.7007577,-72.2867563,0.0,0.0,0.0,moving,
1365472428,network,wifi,32.0,43.7007598,-72.2867291,0.0,0.0,0.0,stationary,
1365473628,network,wifi,30.0,43.7007403,-72.2867952,0.0,0.0,0.0,stationary,
1365474828,network,wifi,40.75,43.7007282,-72.2868469,0.0,0.0,0.0,stationary,
1365476028,network,wifi,20.0,43.7016229,-72.2880499,0.0,0.0,0.0,moving,
1365477228,network,wifi,36.678,43.7016193,-72.2880192,0.0,0.0,0.0,moving,
1365478428,network,wifi,21.0,43.7021278,-72.2879616,0.0,0.0,0.0,moving,
1365479628,network,wifi,20.0,43.7032692,-72.2866805,0.0,0.0,0.0,moving,
1365480828,network,wifi,20.0,43.7032616,-72.2866852,0.0,0.0,0.0,moving,
1365482028,network,wifi,23.731,43.7032944,-72.2866802,0.0,0.0,0.0,stationary,
1365483228,network,wifi,20.0,43.7032757,-72.2866403,0.0,0.0,0.0,stationary,
1365484428,network,wifi,20.0,43.7032722,-72.2866767,0.0,0.0,0.0,stationary,
1365485628,network,wifi,30.755,43.7032678,-72.2867272,0.0,0.0,0.0,stationary,
1365486828,network,wifi,28.795,43.7033125,-72.2866961,0.0,0.0,0.0,stationary,
1365488028,network,wifi,20.0,43.7033046,-72.2866799,0.0,0.0,0.0,stationary,
1365489228,network,wifi,20.0,43.7032911,-72.2867041,0.0,0.0,0.0,stationary,
1365490428,network,wifi,20.0,43.7032708,-72.2866628,0.0,0.0,0.0,stationary,
1365491628,network,wifi,30.155,43.703293,-72.2867033,0.0,0.0,0.0,stationary,
1365492828,network,wifi,20.965,43.7033122,-72.2867202,0.0,0.0,0.0,stationary,
1365494028,network,wifi,21.195,43.7032844,-72.2866814,0.0,0.0,0.0,stationary,
1365495228,network,wifi,21.346,43.7033076,-72.2867147,0.0,0.0,0.0,stationary,
1365496428,network,wifi,20.0,43.7032757,-72.2866403,0.0,0.0,0.0,stationary,
1365497628,network,wifi,20.0,43.7032775,-72.2866389,0.0,0.0,0.0,stationary,
1365498828,network,wifi,22.947,43.7032885,-72.2866928,0.0,0.0,0.0,stationary,
1365500028,network,wifi,23.005,43.7033018,-72.2866903,0.0,0.0,0.0,stationary,
1365501228,network,wifi,30.695,43.7032997,-72.286702,0.0,0.0,0.0,stationary,
1365502428,network,wifi,21.584,43.7032994,-72.2867118,0.0,0.0,0.0,stationary,
1365503628,network,wifi,20.0,43.7032966,-72.2866768,0.0,0.0,0.0,stationary,
1365504828,network,wifi,29.505,43.7032946,-72.2866702,0.0,0.0,0.0,stationary,
1365506028,network,wifi,29.621,43.7033154,-72.2867137,0.0,0.0,0.0,stationary,
1365507228,network,wifi,20.0,43.7033014,-72.2867221,0.0,0.0,0.0,stationary,
1365508428,network,wifi,29.651,43.7033145,-72.2866822,0.0,0.0,0.0,stationary,
1365509628,network,wifi,29.281,43.7032925,-72.2866844,0.0,0.0,0.0,stationary,
1365510828,network,wifi,20.0,43.703278,-72.2866407,0.0,0.0,0.0,stationary,
1365512028,network,wifi,31.498,43.7032654,-72.2866961,0.0,0.0,0.0,stationary,
1365513228,network,wifi,30.767,43.7032967,-72.2867167,0.0,0.0,0.0,stationary,
1365514428,network,wifi,27.0,43.7027049,-72.2836371,0.0,0.0,0.0,moving,
1365515628,network,wifi,49.74,43.7027105,-72.2837423,0.0,0.0,0.0,moving,
1365516828,network,wifi,27.0,43.7027049,-72.2836371,0.0,0.0,0.0,stationary,
1365518028,network,wifi,27.0,43.7027049,-72.2836371,0.0,0.0,0.0,stationary,
1365519228,network,wifi,38.956,43.7028032,-72.2841315,0.0,0.0,0.0,moving,
1365535722,network,wifi,32.27,43.7046929,-72.2893007,0.0,0.0,0.0,,
1365536922,network,wifi,55.5,43.7045738,-72.2893474,0.0,0.0,0.0,,
1365538122,network,wifi,32.0,43.7046797,-72.289389,0.0,0.0,0.0,moving,
1365539322,network,wifi,27.077,43.7055489,-72.2887652,0.0,0.0,0.0,moving,
1365540524,network,wifi,51.728,43.7052067,-72.2886153,0.0,0.0,0.0,moving,
1365541722,network,wifi,25.0,43.7047774,-72.2890488,0.0,0.0,0.0,moving,
1365542922,network,wifi,26.607,43.7048008,-72.2892015,0.0,0.0,0.0,moving,
1365544122,network,wifi,27.0,43.7046988,-72.289306,0.0,0.0,0.0,moving,
1365545322,network,wifi,27.0,43.7046872,-72.2893166,0.0,0.0,0.0,stationary,
1365546522,network,wifi,28.0,43.7046537,-72.289368,0.0,0.0,0.0,stationary,
1365547722,network,wifi,29.16,43.7047992,-72.289148,0.0,0.0,0.0,stationary,
1365548922,network,wifi,34.385,43.7047904,-72.2892088,0.0,0.0,0.0,moving,
1365550122,network,wifi,34.271,43.7047883,-72.2892113,0.0,0.0,0.0,stationary,
1365551322,network,wifi,39.0,43.7047592,-72.2892437,0.0,0.0,0.0,moving,
1365552522,network,wifi,34.42,43.7016172,-72.2879798,0.0,0.0,0.0,moving,
1365553722,network,wifi,34.5,43.700805,-72.2870892,0.0,0.0,0.0,moving,
1365554922,network,wifi,20.491,43.7007381,-72.2869037,0.0,0.0,0.0,moving,
1365556122,network,wifi,52.079,43.7006974,-72.2867617,0.0,0.0,0.0,moving,
1365557322,network,wifi,60.532,43.7007219,-72.2868874,0.0,0.0,0.0,stationary,
1365558522,network,wifi,58.404,43.7007173,-72.2868547,0.0,0.0,0.0,stationary,
1365559722,network,wifi,55.283,43.7006924,-72.2868203,0.0,0.0,0.0,stationary,
1365597313,network,wifi,26.0,43.7007677,-72.2869374,0.0,0.0,0.0,,
1365598513,network,wifi,27.0,43.7087148,-72.2841717,0.0,0.0,0.0,,
1365599713,network,wifi,30.0,43.7087597,-72.284306,0.0,0.0,0.0,moving,
1365600913,network,wifi,35.0,43.7088248,-72.2841715,0.0,0.0,0.0,stationary,
1365602113,network,wifi,62.911,43.7088085,-72.2840329,0.0,0.0,0.0,moving,
1365603313,network,wifi,34.0,43.7088498,-72.2839311,0.0,0.0,0.0,moving,
1365604514,network,wifi,24.463,43.708793,-72.2838181,0.0,0.0,0.0,stationary,
1365605713,network,wifi,38.401,43.7087239,-72.2837941,0.0,0.0,0.0,stationary,
1365606913,network,wifi,79.428,43.7058865,-72.288737,0.0,0.0,0.0,moving,
1365608113,network,wifi,22.964,43.7054989,-72.2887309,0.0,0.0,0.0,moving,
1365609313,network,wifi,20.187,43.7055001,-72.2886846,0.0,0.0,0.0,stationary,
1365610513,network,wifi,21.211,43.70548,-72.2886674,0.0,0.0,0.0,stationary,
1365611713,network,wifi,71.203,43.7073255,-72.287774,0.0,0.0,0.0,moving,
1365612913,network,wifi,20.0,43.7073327,-72.2877041,0.0,0.0,0.0,moving,
1365614113,network,wifi,20.0,43.7073328,-72.2877297,0.0,0.0,0.0,stationary,
1365615313,network,wifi,20.0,43.7053921,-72.2880193,0.0,0.0,0.0,moving,
1365616513,network,wifi,20.0,43.7016491,-72.2880713,0.0,0.0,0.0,moving,
1365617713,network,wifi,25.269,43.7007677,-72.2870322,0.0,0.0,0.0,moving,
1365618913,network,wifi,26.0,43.7007272,-72.28683,0.0,0.0,0.0,moving,
1365620113,network,wifi,26.0,43.7007738,-72.2869157,0.0,0.0,0.0,stationary,
1365621314,network,wifi,40.5,43.7009517,-72.284966,0.0,0.0,0.0,moving,
1365622513,network,wifi,27.0,43.7027369,-72.2836576,0.0,0.0,0.0,moving,
1365623713,network,wifi,24.0,43.7027369,-72.2836602,0.0,0.0,0.0,moving,
1365624913,network,wifi,59.692,43.7026883,-72.2837938,0.0,0.0,0.0,stationary,
1365626113,network,wifi,25.0,43.7027367,-72.2836617,0.0,0.0,0.0,stationary,
1365627313,network,wifi,28.0,43.7027884,-72.2838233,0.0,0.0,0.0,stationary,
1365628513,network,wifi,28.0,43.7027884,-72.2838233,0.0,0.0,0.0,stationary,
1365629713,network,wifi,28.0,43.7027884,-72.2838233,0.0,0.0,0.0,stationary,
1365630913,network,wifi,20.0,43.7016187,-72.2880624,0.0,0.0,0.0,moving,
1365632113,network,wifi,20.0,43.7015887,-72.2880103,0.0,0.0,0.0,moving,
1365633313,network,wifi,20.0,43.7015775,-72.2880156,0.0,0.0,0.0,stationary,
1365634513,network,wifi,26.0,43.7007244,-72.286788,0.0,0.0,0.0,moving,
1365635713,network,wifi,23.0,43.7006934,-72.2868114,0.0,0.0,0.0,moving,
1365636914,network,wifi,20.433,43.7016903,-72.287629,0.0,0.0,0.0,moving,
1365638113,network,wifi,42.365,43.7046453,-72.2892845,0.0,0.0,0.0,moving,
1365639313,network,wifi,28.0,43.7046727,-72.2893909,0.0,0.0,0.0,moving,
1365640513,network,wifi,25.0,43.704608,-72.2895571,0.0,0.0,0.0,moving,
1365641713,network,wifi,58.297,43.7046952,-72.2894082,0.0,0.0,0.0,moving,
1365642913,network,wifi,38.732,43.7048442,-72.2891727,0.0,0.0,0.0,moving,
1365644113,network,wifi,47.337,43.7046813,-72.2893355,0.0,0.0,0.0,moving,
1365645313,network,wifi,21.138,43.70326,-72.2866414,0.0,0.0,0.0,moving,
1365646513,network,wifi,20.0,43.7032335,-72.2866692,0.0,0.0,0.0,moving,
1365647713,network,wifi,20.0,43.7032852,-72.2867071,0.0,0.0,0.0,moving,
1365648913,network,wifi,20.0,43.7032811,-72.2866855,0.0,0.0,0.0,stationary,
1365650113,network,wifi,20.0,43.7032786,-72.2866774,0.0,0.0,0.0,stationary,
1365692300,network,wifi,42.0,43.7007128,-72.2871429,0.0,0.0,0.0,,
1365693500,network,wifi,26.0,43.7007303,-72.2869051,0.0,0.0,0.0,,
1365694700,network,wifi,42.0,43.7006368,-72.286961,0.0,0.0,0.0,moving,
1365694701,network,wifi,42.0,43.7006368,-72.286961,0.0,0.0,0.0,moving,
1365697100,network,wifi,22.28,43.708956,-72.2840624,0.0,0.0,0.0,moving,
1365698300,network,wifi,85.372,43.7089728,-72.2840892,0.0,0.0,0.0,stationary,
1365699175,gps,,18.0,43.70902013,-72.28426928,157.199996948,13.3,1.5811388,,
1365700700,network,wifi,20.0,43.7006661,-72.2866934,0.0,0.0,0.0,moving,
1365701901,network,wifi,136.259,43.7041889,-72.2869651,0.0,0.0,0.0,moving,
1365703100,network,wifi,48.284,43.7041208,-72.2867541,0.0,0.0,0.0,moving,
1365704300,network,wifi,47.521,43.7041712,-72.2862829,0.0,0.0,0.0,moving,
1365705500,network,wifi,50.836,43.7041769,-72.2863065,0.0,0.0,0.0,stationary,
1365706700,network,wifi,45.0,43.7040664,-72.2866743,0.0,0.0,0.0,moving,
1365707900,network,wifi,61.374,43.7027045,-72.2837714,0.0,0.0,0.0,moving,
1365709100,network,wifi,35.0,43.7027407,-72.2837853,0.0,0.0,0.0,moving,
1365710300,network,wifi,62.701,43.7027071,-72.2837519,0.0,0.0,0.0,stationary,
1365711500,network,wifi,60.0,43.7027768,-72.2837514,0.0,0.0,0.0,moving,
1365712700,network,wifi,67.031,43.7026777,-72.283682,0.0,0.0,0.0,moving,
1365713900,network,wifi,61.148,43.7027044,-72.2837748,0.0,0.0,0.0,stationary,
1365715100,network,wifi,45.826,43.7027765,-72.2842159,0.0,0.0,0.0,stationary,
1365716301,network,wifi,108.245,43.7021473,-72.2871108,0.0,0.0,0.0,moving,
1365717500,network,wifi,30.425,43.7016026,-72.288014,0.0,0.0,0.0,moving,
1365718700,network,wifi,20.0,43.7016081,-72.2880039,0.0,0.0,0.0,moving,
1365719900,network,wifi,130.65,43.705584,-72.2888322,0.0,0.0,0.0,moving,
1365721101,network,wifi,89.83,43.7051111,-72.2892121,0.0,0.0,0.0,moving,
1365722300,network,wifi,78.189,43.7051005,-72.2893907,0.0,0.0,0.0,moving,
1365723500,network,wifi,70.17,43.70507,-72.2892129,0.0,0.0,0.0,stationary,
1365724700,network,wifi,68.226,43.7050943,-72.2892556,0.0,0.0,0.0,stationary,
1365725900,network,wifi,83.89,43.7050864,-72.2893077,0.0,0.0,0.0,stationary,
1365727100,network,wifi,76.268,43.705133,-72.2894124,0.0,0.0,0.0,stationary,
1365728300,network,wifi,34.501,43.7051259,-72.2892782,0.0,0.0,0.0,stationary,
1365729500,network,wifi,56.08,43.7051339,-72.2894815,0.0,0.0,0.0,stationary,
1365730700,network,wifi,75.105,43.7051271,-72.2894312,0.0,0.0,0.0,stationary,
1365731900,network,wifi,38.674,43.7051143,-72.2891965,0.0,0.0,0.0,moving,
1365733101,network,wifi,25.0,43.7028709,-72.2897812,0.0,0.0,0.0,moving,
1365734301,network,wifi,22.457,43.7026821,-72.2898985,0.0,0.0,0.0,moving,
1365735500,network,wifi,20.0,43.7032728,-72.2866436,0.0,0.0,0.0,moving,
1365736700,network,wifi,20.608,43.7032604,-72.2866417,0.0,0.0,0.0,moving,
1365737901,network,wifi,20.0,43.7032847,-72.2866495,0.0,0.0,0.0,stationary,
1365784531,network,wifi,72.8,43.7073375,-72.2878383,0.0,0.0,0.0,,
1365785731,network,wifi,20.0,43.7073125,-72.2877149,0.0,0.0,0.0,,
1365786931,network,wifi,67.192,43.7073764,-72.2878082,0.0,0.0,0.0,stationary,
1365788131,network,wifi,27.059,43.7072124,-72.2878317,0.0,0.0,0.0,moving,
1365789331,network,wifi,24.0,43.7027366,-72.2836622,0.0,0.0,0.0,moving,
1365790531,network,wifi,24.0,43.7027366,-72.2836622,0.0,0.0,0.0,moving,
1365791731,network,wifi,24.0,43.7027366,-72.2836622,0.0,0.0,0.0,stationary,
1365792931,network,wifi,24.0,43.7027366,-72.2836622,0.0,0.0,0.0,stationary,
1365794131,network,wifi,24.0,43.7027366,-72.2836622,0.0,0.0,0.0,stationary,
1365795331,network,wifi,24.0,43.7027366,-72.2836622,0.0,0.0,0.0,stationary,
1365796531,network,wifi,20.0,43.7015794,-72.2880317,0.0,0.0,0.0,moving,
1365797731,network,wifi,27.719,43.7016174,-72.287979,0.0,0.0,0.0,moving,
1365798932,network,wifi,48.401,43.7020584,-72.288122,0.0,0.0,0.0,moving,
1365800132,network,wifi,43.499,43.7066618,-72.287056,0.0,0.0,0.0,moving,
1365801331,network,wifi,34.274,43.7066212,-72.2870125,0.0,0.0,0.0,moving,
1365802531,network,wifi,35.588,43.7066073,-72.2870171,0.0,0.0,0.0,stationary,
1365803731,network,wifi,48.694,43.7065992,-72.2869967,0.0,0.0,0.0,stationary,
1365804931,network,wifi,43.893,43.7066518,-72.2870037,0.0,0.0,0.0,stationary,
1365806131,network,wifi,32.323,43.7066546,-72.2870463,0.0,0.0,0.0,stationary,
1365807331,network,wifi,43.054,43.7066646,-72.2870401,0.0,0.0,0.0,stationary,
1365808531,network,wifi,45.81,43.7066298,-72.2869857,0.0,0.0,0.0,stationary,
1365809731,network,wifi,45.426,43.7066368,-72.2870228,0.0,0.0,0.0,stationary,
1365810931,network,wifi,45.183,43.7066373,-72.286997,0.0,0.0,0.0,stationary,
1365812131,network,wifi,20.0,43.7016021,-72.2879796,0.0,0.0,0.0,moving,
1365813331,network,wifi,27.591,43.7016101,-72.2879692,0.0,0.0,0.0,moving,
1365814531,network,wifi,20.0,43.7015638,-72.2879488,0.0,0.0,0.0,stationary,
1365815731,network,wifi,20.0,43.7015926,-72.2879913,0.0,0.0,0.0,stationary,
1365816931,network,wifi,64.847,43.7006956,-72.2869146,0.0,0.0,0.0,moving,
1365818131,network,wifi,27.0,43.7007754,-72.2869954,0.0,0.0,0.0,moving,
1365819331,network,wifi,22.0,43.7007395,-72.2868847,0.0,0.0,0.0,stationary,
1365820531,network,wifi,26.0,43.700786,-72.2869774,0.0,0.0,0.0,stationary,
1365821731,network,wifi,23.0,43.7007164,-72.2867771,0.0,0.0,0.0,stationary,
1365822931,network,wifi,63.733,43.7007399,-72.2868531,0.0,0.0,0.0,stationary,
1365824131,network,wifi,59.838,43.7007266,-72.286794,0.0,0.0,0.0,stationary,
1365825331,network,wifi,25.0,43.7007531,-72.2870206,0.0,0.0,0.0,stationary,
1365826531,network,wifi,61.915,43.7006973,-72.2868612,0.0,0.0,0.0,stationary,
1365827731,network,wifi,23.0,43.7007505,-72.2869894,0.0,0.0,0.0,stationary,
1365828931,network,wifi,27.0,43.7007675,-72.2869702,0.0,0.0,0.0,stationary,
1365830131,network,wifi,70.092,43.7007525,-72.2869571,0.0,0.0,0.0,stationary,
1365831331,network,wifi,27.0,43.7007728,-72.2870117,0.0,0.0,0.0,stationary,
1365832531,network,wifi,61.706,43.7007089,-72.2868466,0.0,0.0,0.0,stationary,
1365833731,network,wifi,66.663,43.7007615,-72.2868854,0.0,0.0,0.0,stationary,
1365834931,network,wifi,26.0,43.7007715,-72.2869761,0.0,0.0,0.0,stationary,
1365836131,network,wifi,58.395,43.7007173,-72.2867767,0.0,0.0,0.0,stationary,
1365837331,network,wifi,68.395,43.7007323,-72.2869452,0.0,0.0,0.0,stationary,
1365838531,network,wifi,20.0,43.7007552,-72.2869292,0.0,0.0,0.0,stationary,
1365839731,network,wifi,64.121,43.7007406,-72.2868596,0.0,0.0,0.0,stationary,
1365840931,network,wifi,65.711,43.70074,-72.2868895,0.0,0.0,0.0,stationary,
1365842131,network,wifi,66.703,43.7007558,-72.286892,0.0,0.0,0.0,stationary,
1365843331,network,wifi,66.156,43.7007425,-72.2868952,0.0,0.0,0.0,stationary,
1365844531,network,wifi,64.68,43.7007556,-72.2868544,0.0,0.0,0.0,stationary,
1365845731,network,wifi,39.0,43.7007719,-72.2869611,0.0,0.0,0.0,stationary,
1365846931,network,wifi,59.484,43.7006998,-72.2868149,0.0,0.0,0.0,stationary,
1365848131,network,wifi,20.0,43.7007264,-72.2869439,0.0,0.0,0.0,stationary,
1365849331,network,wifi,24.175,43.7007372,-72.2868976,0.0,0.0,0.0,stationary,
1365850531,network,wifi,173.04,43.7025667,-72.2837357,0.0,0.0,0.0,moving,
1365850536,network,wifi,157.901,43.7025255,-72.2841587,0.0,0.0,0.0,moving,
1365873327,gps,,9.0,41.84225604,-71.39369379,18.3999996185,4.8,0.559017,,
1365874527,gps,,9.0,41.84227704,-71.39378095,7.30000019073,0.0,0.0,,
1365875727,gps,,17.0,41.84220246,-71.39370304,5.30000019073,242.1,0.559017,,
1365876927,gps,,17.0,41.84226824,-71.39346989,-20.7000007629,100.4,0.70710677,,
1365878127,gps,,9.0,41.8421948,-71.39346154,-2.0,110.9,0.70710677,,
1365880527,gps,,14.0,41.84235124,-71.39364281,-35.5999984741,46.6,0.70710677,,
1365884124,gps,,4.0,41.84222639,-71.39371788,10.5,46.4,0.559017,,
1365885324,gps,,8.0,41.842377,-71.39367366,-12.8000001907,46.4,1.5206907,,
1365886524,gps,,8.0,41.84237073,-71.39364693,-6.80000019073,12.1,3.473111,,
1365888926,gps,,7.0,41.84229286,-71.39363782,3.20000004768,106.0,0.70710677,,
1365890124,gps,,9.0,41.84230905,-71.39378128,-17.6000003815,214.2,2.6925824,,
1365891325,gps,,12.0,41.84224312,-71.39374985,-18.7000007629,54.2,2.5,,
1365962768,network,wifi,48.839,43.7006468,-72.2866716,0.0,0.0,0.0,,
1365963967,network,wifi,20.0,43.7015737,-72.2880382,0.0,0.0,0.0,,
1365965167,network,wifi,20.0,43.7016411,-72.2880487,0.0,0.0,0.0,moving,
1365966367,network,wifi,23.144,43.7015802,-72.2880236,0.0,0.0,0.0,stationary,
1365967567,network,wifi,26.995,43.705471,-72.2886994,0.0,0.0,0.0,moving,
1365968768,network,wifi,39.013,43.7057856,-72.2884804,0.0,0.0,0.0,moving,
1365969967,network,wifi,31.863,43.7055507,-72.288688,0.0,0.0,0.0,stationary,
1365971167,network,wifi,36.0,43.7058658,-72.2884459,0.0,0.0,0.0,moving,
1365972367,network,wifi,32.717,43.7057766,-72.2883062,0.0,0.0,0.0,moving,
1365973567,network,wifi,37.5,43.7058377,-72.288436,0.0,0.0,0.0,moving,
1365974767,network,wifi,45.0,43.7057768,-72.2882944,0.0,0.0,0.0,moving,
1365975967,network,wifi,31.999,43.7057848,-72.2883732,0.0,0.0,0.0,stationary,
1365977167,network,wifi,43.739,43.7054205,-72.288549,0.0,0.0,0.0,moving,
1365978367,network,wifi,28.0,43.7050273,-72.2886962,0.0,0.0,0.0,moving,
1365979568,network,wifi,32.628,43.7051403,-72.2885784,0.0,0.0,0.0,moving,
1365980767,network,wifi,47.733,43.7066114,-72.2870198,0.0,0.0,0.0,moving,
1365981967,network,wifi,46.476,43.7066251,-72.28702,0.0,0.0,0.0,moving,
1365983167,network,wifi,48.931,43.7065973,-72.2870064,0.0,0.0,0.0,stationary,
1365984367,network,wifi,48.753,43.7065988,-72.2870003,0.0,0.0,0.0,stationary,
1365985567,network,wifi,47.215,43.7066186,-72.2870357,0.0,0.0,0.0,stationary,
1365986767,network,wifi,29.142,43.7066011,-72.2870102,0.0,0.0,0.0,stationary,
1365987967,network,wifi,28.366,43.7066141,-72.2870337,0.0,0.0,0.0,stationary,
1365987968,network,wifi,27.642,43.7066214,-72.2870297,0.0,0.0,0.0,stationary,
1365990367,network,wifi,40.519,43.7058219,-72.2887768,0.0,0.0,0.0,moving,
1365991567,network,wifi,32.917,43.7057967,-72.2887267,0.0,0.0,0.0,stationary,
1365992771,network,wifi,76.05,43.7022906,-72.2878689,0.0,0.0,0.0,moving,
1365993967,network,wifi,23.198,43.701574,-72.2879661,0.0,0.0,0.0,moving,
1365995167,network,wifi,28.256,43.7016169,-72.2879883,0.0,0.0,0.0,moving,
1365996367,network,wifi,20.0,43.703285,-72.2866931,0.0,0.0,0.0,moving,
1365997567,network,wifi,20.0,43.7032738,-72.2866999,0.0,0.0,0.0,moving,
1365998767,network,wifi,27.115,43.7032766,-72.2866247,0.0,0.0,0.0,stationary,
1365999967,network,wifi,27.709,43.7032671,-72.2866246,0.0,0.0,0.0,stationary,
1366001167,network,wifi,20.0,43.7032881,-72.2866868,0.0,0.0,0.0,stationary,
1366002367,network,wifi,20.0,43.703286,-72.2866843,0.0,0.0,0.0,stationary,
1366003567,network,wifi,20.0,43.7032688,-72.2866659,0.0,0.0,0.0,stationary,
1366004767,network,wifi,27.657,43.7032773,-72.2866364,0.0,0.0,0.0,stationary,
1366005967,network,wifi,20.0,43.7032782,-72.2866738,0.0,0.0,0.0,stationary,
1366007167,network,wifi,20.0,43.7032677,-72.286669,0.0,0.0,0.0,stationary,
1366008367,network,wifi,31.073,43.70329,-72.2867135,0.0,0.0,0.0,stationary,
1366009567,network,wifi,26.548,43.7032845,-72.2866231,0.0,0.0,0.0,stationary,
1366010767,network,wifi,20.0,43.7032907,-72.2866907,0.0,0.0,0.0,stationary,
1366011967,network,wifi,21.976,43.7032927,-72.2866771,0.0,0.0,0.0,stationary,
1366013167,network,wifi,20.0,43.7032783,-72.2866837,0.0,0.0,0.0,stationary,
1366014367,network,wifi,23.93,43.7032917,-72.2866914,0.0,0.0,0.0,stationary,
1366015567,network,wifi,65.65,43.7033144,-72.2866836,0.0,0.0,0.0,stationary,
1366016767,network,wifi,68.256,43.7032907,-72.286657,0.0,0.0,0.0,stationary,
1366017967,network,wifi,20.0,43.7032801,-72.2866761,0.0,0.0,0.0,stationary,
1366019167,network,wifi,20.0,43.7032571,-72.28668,0.0,0.0,0.0,stationary,
1366020367,network,wifi,20.0,43.7032847,-72.2866996,0.0,0.0,0.0,stationary,
1366021567,network,wifi,20.0,43.7032782,-72.2867062,0.0,0.0,0.0,stationary,
1366022767,network,wifi,20.0,43.7032831,-72.2866989,0.0,0.0,0.0,stationary,
1366023967,network,wifi,20.0,43.7032763,-72.2867279,0.0,0.0,0.0,stationary,
1366025167,network,wifi,21.632,43.7033005,-72.2866741,0.0,0.0,0.0,stationary,
1366026367,network,wifi,25.723,43.703291,-72.2866146,0.0,0.0,0.0,stationary,
1366027567,network,wifi,20.0,43.7032715,-72.2867008,0.0,0.0,0.0,stationary,
1366028767,network,wifi,20.414,43.7032831,-72.2866496,0.0,0.0,0.0,stationary,
1366029967,network,wifi,39.0,43.70888,-72.2840709,0.0,0.0,0.0,moving,
1366031169,network,wifi,57.981,43.7089909,-72.2839471,0.0,0.0,0.0,moving,
1366032367,network,wifi,39.044,43.7089304,-72.283942,0.0,0.0,0.0,stationary,
1366033567,network,wifi,59.201,43.7089744,-72.2839375,0.0,0.0,0.0,stationary,
1366034767,network,wifi,31.84,43.700718,-72.2867845,0.0,0.0,0.0,moving,
1366035967,network,wifi,27.0,43.7007514,-72.2871316,0.0,0.0,0.0,moving,
1366037167,network,wifi,62.955,43.7007017,-72.2868758,0.0,0.0,0.0,stationary,
1366038367,network,wifi,45.0,43.7007397,-72.287047,0.0,0.0,0.0,moving,
1366039567,network,wifi,43.013,43.7007261,-72.2870514,0.0,0.0,0.0,stationary,
1366040767,network,wifi,21.198,43.7007301,-72.287011,0.0,0.0,0.0,stationary,
1366041967,network,wifi,39.0,43.700714,-72.2869996,0.0,0.0,0.0,moving,
1366043167,network,wifi,69.648,43.7073048,-72.2878754,0.0,0.0,0.0,moving,
1366044367,network,wifi,74.777,43.7073044,-72.2877967,0.0,0.0,0.0,moving,
1366045567,network,wifi,75.712,43.7073465,-72.2877966,0.0,0.0,0.0,stationary,
1366046767,network,wifi,66.413,43.7073032,-72.287795,0.0,0.0,0.0,stationary,
1366047967,network,wifi,121.528,43.7016319,-72.2880686,0.0,0.0,0.0,moving,
1366049167,network,wifi,20.0,43.7015988,-72.2880214,0.0,0.0,0.0,moving,
1366050367,network,wifi,20.0,43.7007799,-72.2870917,0.0,0.0,0.0,moving,
1366051569,network,wifi,124.357,43.7011434,-72.2850289,0.0,0.0,0.0,moving,
1366052767,network,wifi,24.0,43.7027366,-72.2836622,0.0,0.0,0.0,moving,
1366053967,network,wifi,24.0,43.7027366,-72.2836622,0.0,0.0,0.0,stationary,
1366055167,network,wifi,24.0,43.7027366,-72.2836622,0.0,0.0,0.0,stationary,
1366056367,network,wifi,24.0,43.7027366,-72.2836622,0.0,0.0,0.0,stationary,
1366057567,network,wifi,24.0,43.7027366,-72.2836622,0.0,0.0,0.0,stationary,
1366058767,network,wifi,24.0,43.7027366,-72.2836622,0.0,0.0,0.0,stationary,
1366059967,network,wifi,28.0,43.702742,-72.2838189,0.0,0.0,0.0,stationary,
1366061167,network,wifi,36.0,43.7026736,-72.2841671,0.0,0.0,0.0,moving,
1366062367,network,wifi,23.0,43.7006596,-72.2866964,0.0,0.0,0.0,moving,
1366063567,network,wifi,56.355,43.7007182,-72.2868448,0.0,0.0,0.0,moving,
1366064767,network,wifi,26.0,43.7007632,-72.2870311,0.0,0.0,0.0,moving,
1366065967,network,wifi,61.881,43.7066249,-72.28704,0.0,0.0,0.0,moving,
1366067167,network,wifi,46.846,43.7066232,-72.2870409,0.0,0.0,0.0,moving,
1366068367,network,wifi,47.385,43.7066164,-72.2870324,0.0,0.0,0.0,stationary,
1366069567,network,wifi,24.062,43.7007441,-72.2868991,0.0,0.0,0.0,moving,
1366070767,network,wifi,26.0,43.700728,-72.2868792,0.0,0.0,0.0,moving,
1366071967,network,wifi,20.0,43.70161,-72.2880344,0.0,0.0,0.0,moving,
1366073167,network,wifi,26.776,43.7016204,-72.2880328,0.0,0.0,0.0,moving,
1366074367,network,wifi,26.709,43.7016009,-72.2880284,0.0,0.0,0.0,stationary,
1366075567,network,wifi,25.06,43.7015815,-72.2879978,0.0,0.0,0.0,stationary,
1366076767,network,wifi,20.0,43.7016207,-72.2880094,0.0,0.0,0.0,stationary,
1366077967,network,wifi,24.0,43.7006513,-72.2867071,0.0,0.0,0.0,moving,
1366079167,network,wifi,23.051,43.7006998,-72.2869202,0.0,0.0,0.0,moving,
1366080367,network,wifi,27.649,43.700709,-72.2868487,0.0,0.0,0.0,stationary,
1366081567,network,wifi,26.529,43.7007123,-72.286865,0.0,0.0,0.0,stationary,
1366083967,network,wifi,23.847,43.7032897,-72.2867048,0.0,0.0,0.0,moving,
1366085167,network,wifi,20.0,43.7032313,-72.2866641,0.0,0.0,0.0,moving,
1366086367,network,wifi,30.164,43.7033142,-72.2866602,0.0,0.0,0.0,moving,
1366087567,network,wifi,20.0,43.7032704,-72.2867258,0.0,0.0,0.0,moving,
1366088767,network,wifi,26.0,43.7033021,-72.2867116,0.0,0.0,0.0,moving,
1366089967,network,wifi,31.942,43.7032818,-72.2866745,0.0,0.0,0.0,stationary,
1366091167,network,wifi,23.8,43.7032815,-72.2867014,0.0,0.0,0.0,stationary,
1366092367,network,wifi,22.382,43.7032883,-72.2866819,0.0,0.0,0.0,stationary,
1366093567,network,wifi,31.49,43.7033,-72.2866528,0.0,0.0,0.0,stationary,
1366094767,network,wifi,23.486,43.7032903,-72.2866985,0.0,0.0,0.0,stationary,
1366095967,network,wifi,22.374,43.7032823,-72.2867178,0.0,0.0,0.0,stationary,
1366097167,network,wifi,20.0,43.7032886,-72.2866981,0.0,0.0,0.0,stationary,
1366098367,network,wifi,22.898,43.7033095,-72.2867034,0.0,0.0,0.0,stationary,
1366099567,network,wifi,20.0,43.703287,-72.2866993,0.0,0.0,0.0,stationary,
1366100767,network,wifi,20.0,43.7032849,-72.2866622,0.0,0.0,0.0,stationary,
1366101967,network,wifi,20.0,43.7032904,-72.2866811,0.0,0.0,0.0,stationary,
1366103167,network,wifi,23.187,43.7032916,-72.2867027,0.0,0.0,0.0,stationary,
1366104367,network,wifi,20.0,43.7032827,-72.2866951,0.0,0.0,0.0,stationary,
1366105567,network,wifi,20.0,43.7032904,-72.2866936,0.0,0.0,0.0,stationary,
1366106767,network,wifi,22.272,43.7032898,-72.2867171,0.0,0.0,0.0,stationary,
1366107967,network,wifi,31.432,43.7032857,-72.286716,0.0,0.0,0.0,stationary,
1366109167,network,wifi,29.428,43.7033113,-72.2867029,0.0,0.0,0.0,stationary,
1366110367,network,wifi,30.205,43.7032798,-72.2867267,0.0,0.0,0.0,stationary,
1366111567,network,wifi,21.565,43.7032941,-72.2867267,0.0,0.0,0.0,stationary,
1366112767,network,wifi,23.451,43.7032823,-72.2867013,0.0,0.0,0.0,stationary,
1366113967,network,wifi,30.649,43.7032866,-72.2866989,0.0,0.0,0.0,stationary,
1366115167,network,wifi,30.816,43.7032972,-72.2867153,0.0,0.0,0.0,stationary,
1366116367,network,wifi,28.853,43.7033006,-72.2867183,0.0,0.0,0.0,stationary,
1366117567,network,wifi,20.0,43.7032939,-72.2866878,0.0,0.0,0.0,stationary,
1366118767,network,wifi,28.0,43.7027116,-72.2844916,0.0,0.0,0.0,moving,
1366119967,network,wifi,25.0,43.7027367,-72.2836617,0.0,0.0,0.0,moving,
1366121167,network,wifi,45.721,43.7027258,-72.2838071,0.0,0.0,0.0,stationary,
1366122367,network,wifi,45.721,43.7027258,-72.2838071,0.0,0.0,0.0,stationary,
1366123567,network,wifi,34.503,43.7027783,-72.2840362,0.0,0.0,0.0,stationary,
1366124767,network,wifi,23.0,43.7026975,-72.2836212,0.0,0.0,0.0,moving,
1366125967,network,wifi,23.0,43.7026975,-72.2836212,0.0,0.0,0.0,stationary,
1366127167,network,wifi,26.0,43.7019176,-72.2877115,0.0,0.0,0.0,moving,
1366128367,network,wifi,36.189,43.7067466,-72.2870781,0.0,0.0,0.0,moving,
1366129568,network,wifi,32.522,43.7069091,-72.2869694,0.0,0.0,0.0,moving,
1366130767,network,wifi,162.446,43.7035491,-72.2877019,0.0,0.0,0.0,moving,
1366131967,network,wifi,60.612,43.7007034,-72.286832,0.0,0.0,0.0,moving,
1366133167,network,wifi,37.5,43.7007446,-72.2869823,0.0,0.0,0.0,moving,
1366215296,network,wifi,51.949,43.7007286,-72.2869149,0.0,0.0,0.0,,
1366217324,network,wifi,74.191,43.7073621,-72.2878264,0.0,0.0,0.0,,
1366218530,network,wifi,20.0,43.7073296,-72.28774,0.0,0.0,0.0,,
1366219730,network,wifi,20.0,43.7073514,-72.2877523,0.0,0.0,0.0,stationary,
1366220930,network,wifi,20.0,43.7016359,-72.288035,0.0,0.0,0.0,moving,
1366222130,network,wifi,20.0,43.7016173,-72.2880628,0.0,0.0,0.0,moving,
1366223330,network,wifi,32.266,43.7016057,-72.2880498,0.0,0.0,0.0,stationary,
1366224530,network,wifi,26.829,43.7006459,-72.286784,0.0,0.0,0.0,moving,
1366225730,network,wifi,22.0,43.7007149,-72.2868271,0.0,0.0,0.0,moving,
1366226930,network,wifi,42.0,43.7007488,-72.2868785,0.0,0.0,0.0,stationary,
1366228130,network,wifi,29.775,43.7007274,-72.2868145,0.0,0.0,0.0,stationary,
1366229330,network,wifi,25.0,43.7027364,-72.2836616,0.0,0.0,0.0,moving,
1366230530,network,wifi,25.0,43.7027364,-72.2836616,0.0,0.0,0.0,moving,
1366231730,network,wifi,25.0,43.7027364,-72.2836616,0.0,0.0,0.0,stationary,
1366232930,network,wifi,49.0,43.7026767,-72.2840959,0.0,0.0,0.0,stationary,
1366234130,network,wifi,49.0,43.7026767,-72.2840959,0.0,0.0,0.0,stationary,
1366235331,network,wifi,123.475,43.7022914,-72.2859055,0.0,0.0,0.0,moving,
1366236530,network,wifi,23.199,43.7015961,-72.2879998,0.0,0.0,0.0,moving,
1366239497,network,wifi,24.241,43.7007268,-72.2868974,0.0,0.0,0.0,,
1366240700,network,wifi,25.0,43.7007964,-72.286839,0.0,0.0,0.0,,
1366241900,network,wifi,30.299,43.7069298,-72.2869895,0.0,0.0,0.0,moving,
1366243100,network,wifi,31.33,43.7069424,-72.2869695,0.0,0.0,0.0,moving,
1366244300,network,wifi,32.598,43.7068956,-72.2869532,0.0,0.0,0.0,stationary,
1366245500,network,wifi,36.38,43.7068942,-72.2869585,0.0,0.0,0.0,stationary,
1366246700,network,wifi,27.0,43.7007511,-72.2871324,0.0,0.0,0.0,moving,
1366247900,network,wifi,24.0,43.7006395,-72.2867612,0.0,0.0,0.0,moving,
1366249100,network,wifi,57.631,43.7006976,-72.286783,0.0,0.0,0.0,moving,
1366250300,network,wifi,57.572,43.7006983,-72.2867812,0.0,0.0,0.0,stationary,
1366251500,network,wifi,28.0,43.7007508,-72.2871315,0.0,0.0,0.0,moving,
1366252700,network,wifi,27.0,43.7007275,-72.2869024,0.0,0.0,0.0,moving,
1366253900,network,wifi,25.996,43.7007553,-72.2868704,0.0,0.0,0.0,stationary,
1366255100,network,wifi,45.0,43.7004563,-72.286729,0.0,0.0,0.0,moving,
1366256300,network,wifi,62.841,43.700674,-72.2868976,0.0,0.0,0.0,moving,
1366257500,network,wifi,55.5,43.700378,-72.2867298,0.0,0.0,0.0,moving,
1366258700,network,wifi,49.449,43.7007445,-72.2869587,0.0,0.0,0.0,stationary,
1366259900,network,wifi,51.629,43.7007174,-72.2869165,0.0,0.0,0.0,moving,
1366261100,network,wifi,50.297,43.7007153,-72.2869362,0.0,0.0,0.0,stationary,
1366262300,network,wifi,62.053,43.7007111,-72.2868508,0.0,0.0,0.0,stationary,
1366263500,network,wifi,24.0,43.7007749,-72.2872051,0.0,0.0,0.0,moving,
1366264700,network,wifi,40.5,43.7008492,-72.2871025,0.0,0.0,0.0,moving,
1366265900,network,wifi,24.0,43.7006515,-72.286706,0.0,0.0,0.0,moving,
1366267100,network,wifi,28.0,43.7007335,-72.2869577,0.0,0.0,0.0,moving,
1366268300,network,wifi,28.0,43.7007335,-72.2869577,0.0,0.0,0.0,stationary,
1366269500,network,wifi,27.0,43.7007746,-72.2872071,0.0,0.0,0.0,moving,
1366270700,network,wifi,35.86,43.7008236,-72.2871857,0.0,0.0,0.0,moving,
1366271900,network,wifi,35.86,43.7008236,-72.2871857,0.0,0.0,0.0,stationary,
1366273101,network,wifi,99.404,43.7007287,-72.2873023,0.0,0.0,0.0,moving,
1366274301,gps,,15.0,43.70059689,-72.28688622,136.899993896,0.0,0.0,,
1366275500,network,wifi,106.03,43.7007883,-72.2872474,0.0,0.0,0.0,stationary,
1366276700,network,wifi,31.717,43.7007699,-72.2871504,0.0,0.0,0.0,stationary,
1366277900,network,wifi,31.047,43.7007962,-72.2871242,0.0,0.0,0.0,stationary,
1366279100,network,wifi,42.405,43.7008189,-72.2871109,0.0,0.0,0.0,stationary,
1366280300,network,wifi,41.091,43.7008077,-72.287125,0.0,0.0,0.0,stationary,
1366281500,network,wifi,41.091,43.7008077,-72.287125,0.0,0.0,0.0,stationary,
1366282700,network,wifi,41.819,43.7006788,-72.2870557,0.0,0.0,0.0,stationary,
1366283900,network,wifi,37.984,43.7007138,-72.2871246,0.0,0.0,0.0,stationary,
1366285100,network,wifi,27.0,43.700745,-72.2871173,0.0,0.0,0.0,stationary,
1366286300,gps,,14.0,43.70070155,-72.28690823,136.699996948,0.0,0.0,,
1366287500,network,wifi,30.894,43.7007676,-72.2871912,0.0,0.0,0.0,stationary,
1366288700,network,wifi,37.444,43.7007782,-72.2871657,0.0,0.0,0.0,stationary,
1366289900,network,wifi,45.565,43.7006959,-72.287003,0.0,0.0,0.0,stationary,
1366291100,network,wifi,27.0,43.7007162,-72.2869821,0.0,0.0,0.0,stationary,
1366292300,network,wifi,37.403,43.7007935,-72.2872098,0.0,0.0,0.0,stationary,
1366293500,network,wifi,27.0,43.7006515,-72.2867076,0.0,0.0,0.0,moving,
1366294700,network,wifi,30.948,43.7008316,-72.2870953,0.0,0.0,0.0,moving,
1366295900,network,wifi,30.733,43.7007729,-72.2871331,0.0,0.0,0.0,stationary,
1366297100,network,wifi,31.617,43.7007289,-72.287173,0.0,0.0,0.0,stationary,
1366298300,network,wifi,37.5,43.7007234,-72.2868822,0.0,0.0,0.0,moving,
1366299500,network,wifi,61.096,43.7006867,-72.2867665,0.0,0.0,0.0,stationary,
1366301900,network,wifi,85.027,43.7089712,-72.2841073,0.0,0.0,0.0,moving,
1366303100,network,wifi,26.702,43.7089579,-72.2840758,0.0,0.0,0.0,moving,
1366305500,network,wifi,27.0,43.7006989,-72.2869117,0.0,0.0,0.0,moving,
1366306700,network,wifi,45.0,43.7006623,-72.2870598,0.0,0.0,0.0,moving,
1366307900,network,wifi,37.5,43.7007463,-72.2870327,0.0,0.0,0.0,moving,
1366309100,network,wifi,42.0,43.7007637,-72.2871234,0.0,0.0,0.0,stationary,
1366309101,network,wifi,37.5,43.7007755,-72.2869608,0.0,0.0,0.0,stationary,
1366311500,network,wifi,25.0,43.7007367,-72.2869002,0.0,0.0,0.0,stationary,
1366312700,network,wifi,34.0,43.7026506,-72.2839987,0.0,0.0,0.0,moving,
1366313900,network,wifi,25.0,43.7027341,-72.2836692,0.0,0.0,0.0,moving,
1366315100,network,wifi,52.621,43.7026896,-72.2837046,0.0,0.0,0.0,stationary,
1366316300,network,wifi,25.0,43.7027341,-72.2836692,0.0,0.0,0.0,stationary,
1366317500,network,wifi,22.0,43.7026984,-72.2836394,0.0,0.0,0.0,stationary,
1366318700,network,wifi,25.0,43.7027341,-72.2836692,0.0,0.0,0.0,stationary,
1366319900,network,wifi,25.0,43.7027341,-72.2836692,0.0,0.0,0.0,stationary,
1366321100,network,wifi,64.694,43.7022289,-72.2878562,0.0,0.0,0.0,moving,
1366322300,network,wifi,20.0,43.701591,-72.2880051,0.0,0.0,0.0,moving,
1366323500,network,wifi,23.248,43.7016113,-72.2879795,0.0,0.0,0.0,moving,
1366324700,network,wifi,25.415,43.7033292,-72.2866465,0.0,0.0,0.0,moving,
1366325901,network,wifi,27.0,43.7033226,-72.2866095,0.0,0.0,0.0,moving,
1366327100,network,wifi,20.0,43.7032749,-72.2867036,0.0,0.0,0.0,stationary,
1366328300,network,wifi,28.374,43.7032923,-72.2866709,0.0,0.0,0.0,stationary,
1366329500,network,wifi,41.71,43.702748,-72.2880669,0.0,0.0,0.0,moving,
1366329514,gps,,25.0,43.70151132,-72.28759043,129.600006104,169.9,5.5226803,,
1366331900,network,wifi,43.5,43.7009158,-72.2869871,0.0,0.0,0.0,moving,
1366334300,network,wifi,36.0,43.7008467,-72.2869574,0.0,0.0,0.0,moving,
1366335500,network,wifi,30.597,43.70081,-72.2870992,0.0,0.0,0.0,stationary,
1366336700,network,wifi,27.0,43.7007968,-72.2868393,0.0,0.0,0.0,moving,
1366337901,network,wifi,23.8,43.7028895,-72.289844,0.0,0.0,0.0,moving,
1366339100,network,wifi,28.0,43.7007484,-72.286918,0.0,0.0,0.0,moving,
1366340300,network,wifi,27.0,43.700651,-72.2867072,0.0,0.0,0.0,moving,
1366341500,network,wifi,27.854,43.7007293,-72.2868831,0.0,0.0,0.0,moving,
1366342700,network,wifi,21.0,43.7007362,-72.2867713,0.0,0.0,0.0,moving,
1366343900,network,wifi,27.0,43.7007968,-72.2868351,0.0,0.0,0.0,stationary,
1366345100,network,wifi,29.0,43.7033107,-72.2866494,0.0,0.0,0.0,moving,
1366346300,network,wifi,27.428,43.7033017,-72.2866646,0.0,0.0,0.0,moving,
1366347500,network,wifi,28.325,43.7033123,-72.2866857,0.0,0.0,0.0,stationary,
1366348700,network,wifi,21.24,43.7032788,-72.2866746,0.0,0.0,0.0,stationary,
1366349900,network,wifi,34.894,43.7033119,-72.2866875,0.0,0.0,0.0,stationary,
1366351100,network,wifi,35.936,43.7033019,-72.286679,0.0,0.0,0.0,stationary,
1366352300,network,wifi,28.323,43.7033118,-72.2866827,0.0,0.0,0.0,stationary,
1366353500,network,wifi,29.82,43.7033048,-72.286703,0.0,0.0,0.0,stationary,
1366354700,network,wifi,29.82,43.7033048,-72.286703,0.0,0.0,0.0,stationary,
1366355900,network,wifi,20.0,43.7032788,-72.2866883,0.0,0.0,0.0,stationary,
1366357100,network,wifi,20.0,43.7033028,-72.2867075,0.0,0.0,0.0,stationary,
1366358300,network,wifi,29.713,43.7032972,-72.2866945,0.0,0.0,0.0,stationary,
1366359500,network,wifi,29.693,43.7033011,-72.2866976,0.0,0.0,0.0,stationary,
1366360700,network,wifi,29.046,43.703309,-72.286693,0.0,0.0,0.0,stationary,
1366361900,network,wifi,29.686,43.7034686,-72.2863784,0.0,0.0,0.0,moving,
1366363100,network,wifi,28.892,43.7033215,-72.2866997,0.0,0.0,0.0,stationary,
1366364300,network,wifi,20.0,43.7033034,-72.2867306,0.0,0.0,0.0,moving,
1366365500,network,wifi,26.911,43.703318,-72.2866661,0.0,0.0,0.0,stationary,
1366366700,network,wifi,33.049,43.7033885,-72.2865658,0.0,0.0,0.0,moving,
1366367900,network,wifi,29.927,43.703318,-72.2866038,0.0,0.0,0.0,stationary,
1366369100,network,wifi,36.058,43.7033051,-72.2866726,0.0,0.0,0.0,stationary,
1366370300,network,wifi,27.831,43.7032805,-72.2866427,0.0,0.0,0.0,stationary,
1366371500,network,wifi,25.0,43.703259,-72.2866438,0.0,0.0,0.0,moving,
1366372700,network,wifi,34.435,43.7032987,-72.2867142,0.0,0.0,0.0,stationary,
1366373900,network,wifi,27.431,43.7033115,-72.2866667,0.0,0.0,0.0,stationary,
1366375100,network,wifi,24.369,43.7033073,-72.2866062,0.0,0.0,0.0,stationary,
1366376300,network,wifi,25.673,43.7033077,-72.2866365,0.0,0.0,0.0,stationary,
1366377500,network,wifi,27.203,43.7033085,-72.2866724,0.0,0.0,0.0,stationary,
1366378700,network,wifi,23.337,43.7033225,-72.2866106,0.0,0.0,0.0,stationary,
1366379900,network,wifi,28.0,43.7033182,-72.2865759,0.0,0.0,0.0,stationary,
1366381100,network,wifi,24.101,43.7033225,-72.286617,0.0,0.0,0.0,stationary,
1366382300,network,wifi,20.0,43.7033002,-72.2866783,0.0,0.0,0.0,stationary,
1366383500,network,wifi,26.574,43.7033209,-72.2866623,0.0,0.0,0.0,stationary,
1366384700,network,wifi,20.0,43.7033067,-72.2867005,0.0,0.0,0.0,stationary,
1366385900,network,wifi,25.827,43.7033146,-72.2866461,0.0,0.0,0.0,stationary,
1366387100,network,wifi,23.759,43.703315,-72.286603,0.0,0.0,0.0,stationary,
1366388300,network,wifi,24.704,43.7033213,-72.2866268,0.0,0.0,0.0,stationary,
1366389500,network,wifi,20.0,43.7072461,-72.2877595,0.0,0.0,0.0,moving,
1366390702,network,wifi,30.0,43.7072506,-72.2877712,0.0,0.0,0.0,moving,
1366391900,network,wifi,20.0,43.7072438,-72.2877611,0.0,0.0,0.0,stationary,
1366393100,network,wifi,20.0,43.7016323,-72.2880554,0.0,0.0,0.0,moving,
1366394300,network,wifi,32.088,43.7006918,-72.2867855,0.0,0.0,0.0,moving,
1366395500,network,wifi,30.779,43.7007013,-72.2868033,0.0,0.0,0.0,moving,
1366396700,network,wifi,57.302,43.7006861,-72.286792,0.0,0.0,0.0,stationary,
1366397900,network,wifi,58.505,43.7006827,-72.2868171,0.0,0.0,0.0,stationary,
1366399100,network,wifi,57.884,43.7006884,-72.2868004,0.0,0.0,0.0,stationary,
1366400300,network,wifi,59.691,43.7006817,-72.2868393,0.0,0.0,0.0,stationary,
1366401500,network,wifi,27.193,43.7007547,-72.2869919,0.0,0.0,0.0,stationary,
1366402700,network,wifi,25.0,43.7006501,-72.2867069,0.0,0.0,0.0,moving,
1366403900,network,wifi,28.092,43.7007793,-72.2870338,0.0,0.0,0.0,stationary,
1366405100,network,wifi,25.0,43.7006501,-72.2867069,0.0,0.0,0.0,moving,
1366406300,network,wifi,24.0,43.7006498,-72.286706,0.0,0.0,0.0,stationary,
1366407497,gps,,17.0,43.70478542,-72.2879233,154.0,9.8,1.75,,
1366408700,network,wifi,26.0,43.7066803,-72.2871001,0.0,0.0,0.0,moving,
1366409900,network,wifi,33.199,43.7068276,-72.2871982,0.0,0.0,0.0,moving,
1366411101,network,wifi,33.984,43.7067553,-72.2871297,0.0,0.0,0.0,stationary,
1366412300,network,wifi,32.224,43.7068098,-72.2871873,0.0,0.0,0.0,stationary,
1366414700,network,wifi,25.0,43.7062233,-72.2908173,0.0,0.0,0.0,moving,
1366415900,network,wifi,34.471,43.7062091,-72.2908442,0.0,0.0,0.0,stationary,
1366417100,network,wifi,33.651,43.7062148,-72.2908703,0.0,0.0,0.0,stationary,
1366418300,network,wifi,33.517,43.7062067,-72.2908612,0.0,0.0,0.0,stationary,
1366419500,network,wifi,33.802,43.7062117,-72.2908623,0.0,0.0,0.0,stationary,
1366420701,network,wifi,60.489,43.7062816,-72.2907832,0.0,0.0,0.0,moving,
1366421900,network,wifi,60.829,43.7062586,-72.290821,0.0,0.0,0.0,stationary,
1366423100,network,wifi,36.229,43.7062577,-72.2908704,0.0,0.0,0.0,stationary,
1366424300,network,wifi,46.157,43.7062649,-72.2908273,0.0,0.0,0.0,stationary,
1366425500,network,wifi,33.142,43.7062104,-72.2908749,0.0,0.0,0.0,moving,
1366426700,network,wifi,33.142,43.7062104,-72.2908749,0.0,0.0,0.0,stationary,
1366427902,gps,,10.0,43.70101788,-72.2873525,142.300003052,136.7,1.118034,,
1366429100,network,wifi,29.147,43.7007733,-72.2870551,0.0,0.0,0.0,moving,
1366430300,network,wifi,30.81,43.7008017,-72.2870639,0.0,0.0,0.0,moving,
1366431500,network,wifi,22.551,43.7008214,-72.286938,0.0,0.0,0.0,moving,
1366432700,network,wifi,24.0,43.7007966,-72.2868386,0.0,0.0,0.0,moving,
1366433900,network,wifi,39.774,43.7007443,-72.2869269,0.0,0.0,0.0,moving,
1366435101,network,wifi,23.399,43.7007068,-72.2868016,0.0,0.0,0.0,moving,
1366436300,network,wifi,23.02,43.700711,-72.286801,0.0,0.0,0.0,stationary,
1366437500,network,wifi,27.251,43.7007424,-72.2868517,0.0,0.0,0.0,stationary,
1366438700,network,wifi,27.056,43.7007241,-72.2868558,0.0,0.0,0.0,stationary,
1366439900,network,wifi,28.486,43.7007474,-72.2868332,0.0,0.0,0.0,stationary,
1366441100,network,wifi,24.061,43.7007476,-72.2868993,0.0,0.0,0.0,stationary,
1366442300,network,wifi,22.347,43.7007297,-72.2868347,0.0,0.0,0.0,stationary,
1366443500,network,wifi,21.276,43.7007395,-72.2868261,0.0,0.0,0.0,stationary,
1366444700,network,wifi,23.218,43.7007453,-72.2869119,0.0,0.0,0.0,stationary,
1366445900,network,wifi,28.294,43.7007509,-72.2868705,0.0,0.0,0.0,stationary,
1366447100,network,wifi,26.775,43.7007278,-72.2869002,0.0,0.0,0.0,stationary,
1366448300,network,wifi,29.485,43.70073,-72.2868189,0.0,0.0,0.0,stationary,
1366449500,network,wifi,20.0,43.7007394,-72.2868578,0.0,0.0,0.0,stationary,
1366450700,network,wifi,20.0,43.7007394,-72.2868578,0.0,0.0,0.0,stationary,
1366451900,network,wifi,21.077,43.7007307,-72.2868162,0.0,0.0,0.0,stationary,
1366453100,network,wifi,21.052,43.7007327,-72.2867898,0.0,0.0,0.0,stationary,
1366454300,network,wifi,30.0,43.7008141,-72.2868455,0.0,0.0,0.0,stationary,
1366455500,network,wifi,26.189,43.7007343,-72.2868679,0.0,0.0,0.0,stationary,
1366456700,network,wifi,20.0,43.7007362,-72.2868708,0.0,0.0,0.0,stationary,
1366457900,network,wifi,25.0,43.7006948,-72.286945,0.0,0.0,0.0,stationary,
1366459100,network,wifi,25.0,43.7006793,-72.2868428,0.0,0.0,0.0,moving,
1366496907,network,wifi,45.445,43.7066203,-72.2869917,0.0,0.0,0.0,,
1366498113,network,wifi,20.0,43.7069521,-72.2869149,0.0,0.0,0.0,,
1366499313,network,wifi,36.988,43.7069046,-72.2869858,0.0,0.0,0.0,stationary,
1366499314,network,wifi,36.914,43.7069038,-72.2869863,0.0,0.0,0.0,stationary,
1366501713,network,wifi,28.273,43.70582,-72.288713,0.0,0.0,0.0,moving,
1366502913,network,wifi,27.0,43.7064004,-72.2909843,0.0,0.0,0.0,moving,
1366504113,network,wifi,20.0,43.7062618,-72.2908521,0.0,0.0,0.0,moving,
1366505313,network,wifi,27.0,43.7061329,-72.2909572,0.0,0.0,0.0,moving,
1366506513,network,wifi,25.0,43.7062229,-72.290817,0.0,0.0,0.0,moving,
1366507713,network,wifi,23.0,43.7062573,-72.2907636,0.0,0.0,0.0,moving,
1366508913,network,wifi,31.542,43.7062092,-72.2909096,0.0,0.0,0.0,moving,
1366510113,network,wifi,24.0,43.706229,-72.2908915,0.0,0.0,0.0,moving,
1366511313,network,wifi,27.0,43.7062241,-72.2909296,0.0,0.0,0.0,moving,
1366512513,network,wifi,31.636,43.7062041,-72.290899,0.0,0.0,0.0,moving,
1366513714,network,wifi,63.167,43.7045845,-72.2912051,0.0,0.0,0.0,moving,
1366514913,network,wifi,40.007,43.7045527,-72.2912112,0.0,0.0,0.0,moving,
1366516113,network,wifi,39.452,43.7045668,-72.2911734,0.0,0.0,0.0,stationary,
1366517313,network,wifi,37.939,43.7045746,-72.2912174,0.0,0.0,0.0,stationary,
1366518513,network,wifi,37.95,43.7045717,-72.2912336,0.0,0.0,0.0,stationary,
1366519713,network,wifi,20.0,43.704542,-72.2912769,0.0,0.0,0.0,stationary,
1366520913,network,wifi,25.021,43.7045401,-72.2912466,0.0,0.0,0.0,stationary,
1366522113,network,wifi,20.0,43.7045325,-72.2912548,0.0,0.0,0.0,stationary,
1366523313,network,wifi,24.476,43.7045254,-72.2912468,0.0,0.0,0.0,stationary,
1366524513,network,wifi,24.682,43.7045302,-72.2912473,0.0,0.0,0.0,stationary,
1366525713,network,wifi,20.0,43.7045382,-72.291276,0.0,0.0,0.0,stationary,
1366526913,network,wifi,25.051,43.7045277,-72.2912399,0.0,0.0,0.0,stationary,
1366528113,network,wifi,25.018,43.7045271,-72.2912397,0.0,0.0,0.0,stationary,
1366529313,network,wifi,20.0,43.7045387,-72.2912731,0.0,0.0,0.0,stationary,
1366530513,network,wifi,25.387,43.7045176,-72.2912503,0.0,0.0,0.0,stationary,
1366531713,network,wifi,24.28,43.7045244,-72.2912442,0.0,0.0,0.0,stationary,
1366532913,network,wifi,24.483,43.7045268,-72.2912461,0.0,0.0,0.0,stationary,
1366534113,network,wifi,20.0,43.7045406,-72.2912794,0.0,0.0,0.0,stationary,
1366535313,network,wifi,20.0,43.7045317,-72.2912561,0.0,0.0,0.0,stationary,
1366536513,network,wifi,20.0,43.7045436,-72.291276,0.0,0.0,0.0,stationary,
1366537713,network,wifi,30.0,43.7045366,-72.2912192,0.0,0.0,0.0,stationary,
1366538913,network,wifi,24.358,43.704513,-72.2912516,0.0,0.0,0.0,stationary,
1366540113,network,wifi,30.0,43.7045399,-72.2912425,0.0,0.0,0.0,stationary,
1366541313,network,wifi,25.337,43.7045288,-72.2912439,0.0,0.0,0.0,stationary,
1366542513,network,wifi,20.0,43.7045393,-72.2912769,0.0,0.0,0.0,stationary,
1366543713,network,wifi,22.325,43.7045346,-72.2912054,0.0,0.0,0.0,stationary,
1366544913,network,wifi,24.703,43.704527,-72.2912347,0.0,0.0,0.0,stationary,
1366546113,network,wifi,25.751,43.7045406,-72.2912439,0.0,0.0,0.0,stationary,
1366547317,network,wifi,25.0,43.7044281,-72.2909556,0.0,0.0,0.0,moving,
1366548513,network,wifi,24.0,43.7044376,-72.2909554,0.0,0.0,0.0,moving,
1366549713,network,wifi,24.0,43.7044376,-72.2909554,0.0,0.0,0.0,stationary,
1366550913,network,wifi,30.0,43.7044966,-72.2911506,0.0,0.0,0.0,moving,
1366552113,network,wifi,20.0,43.7044943,-72.2911305,0.0,0.0,0.0,stationary,
1366553313,network,wifi,20.0,43.7044943,-72.2911146,0.0,0.0,0.0,stationary,
1366554513,network,wifi,63.0,43.7005787,-72.2870802,0.0,0.0,0.0,moving,
1366555713,network,wifi,43.5,43.7008284,-72.2869763,0.0,0.0,0.0,moving,
1366556913,network,wifi,37.5,43.7008286,-72.2872677,0.0,0.0,0.0,moving,
1366558113,network,wifi,25.0,43.7006508,-72.2867071,0.0,0.0,0.0,moving,
1366559313,network,wifi,27.0,43.7007277,-72.2868767,0.0,0.0,0.0,moving,
1366560513,network,wifi,42.0,43.7007769,-72.2869365,0.0,0.0,0.0,moving,
1366561713,network,wifi,64.818,43.7006992,-72.2869147,0.0,0.0,0.0,moving,
1366562913,network,wifi,70.951,43.7007329,-72.2869936,0.0,0.0,0.0,stationary,
1366564113,network,wifi,54.84,43.7006694,-72.2867633,0.0,0.0,0.0,stationary,
1366565313,network,wifi,24.029,43.7007561,-72.2869,0.0,0.0,0.0,stationary,
1366566513,network,wifi,25.915,43.7007315,-72.2868722,0.0,0.0,0.0,stationary,
1366567713,network,wifi,33.894,43.700727,-72.2870891,0.0,0.0,0.0,stationary,
1366568913,network,wifi,34.035,43.7007599,-72.287059,0.0,0.0,0.0,stationary,
1366570113,network,wifi,25.0,43.7006508,-72.2867071,0.0,0.0,0.0,moving,
1366571313,network,wifi,24.0,43.7007111,-72.2867803,0.0,0.0,0.0,moving,
1366572513,network,wifi,40.5,43.7006809,-72.2869096,0.0,0.0,0.0,moving,
1366573713,network,wifi,40.5,43.7007354,-72.2869973,0.0,0.0,0.0,stationary,
1366574914,network,wifi,27.737,43.7017077,-72.2881507,0.0,0.0,0.0,moving,
1366576113,network,wifi,20.0,43.7016212,-72.2880119,0.0,0.0,0.0,moving,
1366577313,network,wifi,34.173,43.7065935,-72.2869926,0.0,0.0,0.0,moving,
1366578513,network,wifi,49.507,43.7065747,-72.2869796,0.0,0.0,0.0,moving,
1366579713,network,wifi,49.684,43.7065705,-72.2869513,0.0,0.0,0.0,stationary,
1366580913,network,wifi,49.684,43.7065705,-72.2869513,0.0,0.0,0.0,stationary,
1366582113,network,wifi,48.315,43.7065903,-72.2870035,0.0,0.0,0.0,stationary,
1366583313,network,wifi,49.133,43.7065807,-72.286998,0.0,0.0,0.0,stationary,
1366584513,network,wifi,46.423,43.7066084,-72.2869805,0.0,0.0,0.0,stationary,
1366585713,network,wifi,42.647,43.706593,-72.2869901,0.0,0.0,0.0,stationary,
1366586913,network,wifi,50.56,43.7065609,-72.2869496,0.0,0.0,0.0,stationary,
1366588113,network,wifi,47.406,43.7065977,-72.2869807,0.0,0.0,0.0,stationary,
1366589313,network,wifi,50.445,43.7065661,-72.2869956,0.0,0.0,0.0,stationary,
1366590513,network,wifi,44.807,43.7066262,-72.2869821,0.0,0.0,0.0,stationary,
1366591713,network,wifi,49.687,43.7065724,-72.2869759,0.0,0.0,0.0,stationary,
1366592913,network,wifi,50.519,43.7065664,-72.2870054,0.0,0.0,0.0,stationary,
1366594114,network,wifi,49.762,43.7065763,-72.2870182,0.0,0.0,0.0,stationary,
1366595313,network,wifi,48.568,43.7065865,-72.2869947,0.0,0.0,0.0,stationary,
1366596513,network,wifi,49.343,43.7065778,-72.2869926,0.0,0.0,0.0,stationary,
1366597713,network,wifi,49.496,43.7069942,-72.2869374,0.0,0.0,0.0,stationary,
1366598913,network,wifi,38.0,43.701606,-72.2880846,0.0,0.0,0.0,moving,
1366600113,network,wifi,20.0,43.7016025,-72.2879862,0.0,0.0,0.0,moving,
1366601313,network,wifi,21.239,43.7016115,-72.2879903,0.0,0.0,0.0,stationary,
1366602513,network,wifi,20.0,43.7032754,-72.2866752,0.0,0.0,0.0,moving,
1366603713,network,wifi,20.0,43.7033076,-72.2866883,0.0,0.0,0.0,moving,
1366604913,network,wifi,20.0,43.7032596,-72.2866759,0.0,0.0,0.0,stationary,
1366606113,network,wifi,39.0,43.7032538,-72.286726,0.0,0.0,0.0,moving,
1366607313,network,wifi,26.753,43.7032898,-72.2866377,0.0,0.0,0.0,stationary,
1366608513,network,wifi,26.902,43.7032909,-72.2866418,0.0,0.0,0.0,stationary,
1366609713,network,wifi,20.0,43.7032893,-72.2867057,0.0,0.0,0.0,stationary,
1366610915,network,wifi,31.657,43.7032694,-72.2866726,0.0,0.0,0.0,stationary,
1366612113,network,wifi,20.0,43.7032917,-72.2866728,0.0,0.0,0.0,stationary,
1366613313,network,wifi,36.537,43.7033184,-72.286648,0.0,0.0,0.0,stationary,
1366614513,network,wifi,27.162,43.7033143,-72.2866644,0.0,0.0,0.0,stationary,
1366615713,network,wifi,27.808,43.7033138,-72.2866807,0.0,0.0,0.0,stationary,
1366616913,network,wifi,25.063,43.7033012,-72.286618,0.0,0.0,0.0,stationary,
1366618113,network,wifi,26.095,43.7033007,-72.2866371,0.0,0.0,0.0,stationary,
1366619313,network,wifi,25.659,43.7033001,-72.2866282,0.0,0.0,0.0,stationary,
1366620513,network,wifi,29.049,43.7033134,-72.2866504,0.0,0.0,0.0,stationary,
1366621713,network,wifi,29.86,43.7033043,-72.2866471,0.0,0.0,0.0,stationary,
1366622913,network,wifi,28.866,43.7033082,-72.2866653,0.0,0.0,0.0,stationary,
1366624113,network,wifi,28.77,43.7033241,-72.286638,0.0,0.0,0.0,stationary,
1366625313,network,wifi,35.631,43.7033266,-72.2866563,0.0,0.0,0.0,stationary,
1366626513,network,wifi,20.0,43.7032672,-72.2866846,0.0,0.0,0.0,moving,
1366627713,network,wifi,29.707,43.7033019,-72.2866558,0.0,0.0,0.0,stationary,
1366628913,network,wifi,20.0,43.7032967,-72.2866696,0.0,0.0,0.0,stationary,
1366630113,network,wifi,20.0,43.703289,-72.286686,0.0,0.0,0.0,stationary,
1366631313,network,wifi,25.591,43.7033148,-72.286642,0.0,0.0,0.0,stationary,
1366632513,network,wifi,38.267,43.7033015,-72.2866336,0.0,0.0,0.0,stationary,
1366633713,network,wifi,20.0,43.7033141,-72.2866821,0.0,0.0,0.0,stationary,
1366634913,network,wifi,59.719,43.7089722,-72.283952,0.0,0.0,0.0,moving,
1366636113,network,wifi,59.995,43.7089656,-72.2839386,0.0,0.0,0.0,moving,
1366637313,network,wifi,41.24,43.7089892,-72.2839698,0.0,0.0,0.0,stationary,
1366638513,network,wifi,56.386,43.7089994,-72.2839085,0.0,0.0,0.0,stationary,
1366639713,network,wifi,25.0,43.7089812,-72.2841382,0.0,0.0,0.0,moving,
1366640906,network,wifi,21.638,43.7089466,-72.2841275,0.0,0.0,0.0,stationary,
1366642080,network,wifi,67.155,43.7089475,-72.2841375,0.0,0.0,0.0,stationary,
1366643313,network,wifi,27.0,43.7088041,-72.2839537,0.0,0.0,0.0,stationary,
1366644513,network,wifi,24.0,43.7006764,-72.2867973,0.0,0.0,0.0,moving,
1366645713,network,wifi,24.0,43.7006764,-72.2867973,0.0,0.0,0.0,moving,
1366646913,network,wifi,23.0,43.7006516,-72.2867075,0.0,0.0,0.0,moving,
1366648113,network,wifi,75.204,43.7072371,-72.2877616,0.0,0.0,0.0,moving,
1366649313,network,wifi,70.693,43.7072304,-72.2877403,0.0,0.0,0.0,moving,
1366650513,network,wifi,74.287,43.7072625,-72.2877786,0.0,0.0,0.0,stationary,
1366651713,network,wifi,20.0,43.7072519,-72.2877503,0.0,0.0,0.0,stationary,
1366652913,network,wifi,20.0,43.7016055,-72.288096,0.0,0.0,0.0,moving,
1366654113,network,wifi,20.0,43.701571,-72.2880205,0.0,0.0,0.0,moving,
1366655313,network,wifi,20.371,43.7016251,-72.28799,0.0,0.0,0.0,stationary,
1366656513,network,wifi,27.506,43.7006347,-72.2871817,0.0,0.0,0.0,moving,
1366657713,network,wifi,58.685,43.7006509,-72.2868481,0.0,0.0,0.0,moving,
1366658913,network,wifi,69.885,43.7007467,-72.2869624,0.0,0.0,0.0,stationary,
1366660113,network,wifi,26.0,43.700686,-72.2871296,0.0,0.0,0.0,stationary,
1366661313,network,wifi,72.755,43.7007194,-72.2870361,0.0,0.0,0.0,stationary,
1366662513,network,wifi,72.755,43.7007194,-72.2870361,0.0,0.0,0.0,stationary,
1366663713,network,wifi,65.637,43.7007543,-72.2868773,0.0,0.0,0.0,stationary,
1366664913,network,wifi,66.982,43.7007343,-72.2869217,0.0,0.0,0.0,stationary,
1366666113,network,wifi,29.567,43.700801,-72.2870763,0.0,0.0,0.0,stationary,
1366667313,network,wifi,66.182,43.7006961,-72.2869412,0.0,0.0,0.0,stationary,
1366668513,network,wifi,60.413,43.7007037,-72.2868317,0.0,0.0,0.0,stationary,
1366669714,network,wifi,34.079,43.7067845,-72.2871344,0.0,0.0,0.0,moving,
1366670913,network,wifi,20.0,43.7066999,-72.2871371,0.0,0.0,0.0,moving,
1366672113,network,wifi,40.778,43.7066868,-72.2870753,0.0,0.0,0.0,stationary,
1366673313,network,wifi,30.878,43.7068161,-72.2871145,0.0,0.0,0.0,stationary,
1366674513,network,wifi,30.254,43.7068155,-72.2870937,0.0,0.0,0.0,stationary,
1366675713,network,wifi,35.908,43.706717,-72.2870914,0.0,0.0,0.0,stationary,
1366676913,network,wifi,26.0,43.7066851,-72.2870584,0.0,0.0,0.0,stationary,
1366678113,network,wifi,44.943,43.7066294,-72.2870188,0.0,0.0,0.0,stationary,
1366679313,network,wifi,37.165,43.7067204,-72.2871414,0.0,0.0,0.0,stationary,
1366680513,network,wifi,34.327,43.706584,-72.2870085,0.0,0.0,0.0,stationary,
1366681713,network,wifi,41.574,43.706629,-72.2869905,0.0,0.0,0.0,stationary,
1366682913,network,wifi,36.829,43.7067757,-72.2871926,0.0,0.0,0.0,stationary,
1366684113,network,wifi,36.133,43.7067191,-72.2871664,0.0,0.0,0.0,stationary,
1366685313,network,wifi,40.083,43.7067362,-72.2871976,0.0,0.0,0.0,stationary,
1366686513,network,wifi,41.69,43.7066864,-72.2871136,0.0,0.0,0.0,stationary,
1366687713,network,wifi,38.277,43.7067222,-72.2871001,0.0,0.0,0.0,stationary,
1366688913,network,wifi,42.153,43.7066707,-72.2870732,0.0,0.0,0.0,stationary,
1366690113,network,wifi,32.219,43.7067888,-72.2871954,0.0,0.0,0.0,stationary,
1366691313,network,wifi,27.0,43.706751,-72.2871727,0.0,0.0,0.0,stationary,
1366692513,network,wifi,30.871,43.706813,-72.2871067,0.0,0.0,0.0,stationary,
1366693713,network,wifi,44.198,43.7066367,-72.2870126,0.0,0.0,0.0,stationary,
1366694914,network,wifi,56.533,43.7057668,-72.288923,0.0,0.0,0.0,moving,
1366722775,network,wifi,27.107,43.700742,-72.2868907,0.0,0.0,0.0,,
1366723975,network,wifi,47.011,43.7027232,-72.2837921,0.0,0.0,0.0,,
1366725175,network,wifi,39.47,43.7027888,-72.283925,0.0,0.0,0.0,moving,
1366726375,network,wifi,24.0,43.7027344,-72.2836692,0.0,0.0,0.0,moving,
1366727575,network,wifi,24.0,43.7027344,-72.2836692,0.0,0.0,0.0,stationary,
1366728775,network,wifi,24.0,43.7027344,-72.2836692,0.0,0.0,0.0,stationary,
1366729975,network,wifi,26.814,43.7007798,-72.2870113,0.0,0.0,0.0,moving,
1366731175,network,wifi,23.0,43.7006516,-72.2867075,0.0,0.0,0.0,moving,
1366732375,network,wifi,27.0,43.7007186,-72.2868717,0.0,0.0,0.0,moving,
1366733576,network,wifi,25.0,43.704117,-72.2860697,0.0,0.0,0.0,moving,
1366734791,network,wifi,47.452,43.7007894,-72.2869577,0.0,0.0,0.0,moving,
1366739577,network,wifi,46.124,43.7028556,-72.2832861,0.0,0.0,0.0,moving,
1366741975,network,wifi,20.414,43.7040676,-72.2860843,0.0,0.0,0.0,moving,
1366743175,network,wifi,25.127,43.7041245,-72.2860932,0.0,0.0,0.0,moving,
1366744375,network,wifi,20.0,43.7041379,-72.2860926,0.0,0.0,0.0,stationary,
1366745575,network,wifi,25.0,43.7006505,-72.286707,0.0,0.0,0.0,moving,
1366746775,network,wifi,27.529,43.7007403,-72.2868476,0.0,0.0,0.0,moving,
1366747975,network,wifi,27.529,43.7007403,-72.2868476,0.0,0.0,0.0,stationary,
1366749175,network,wifi,28.527,43.7007228,-72.2868339,0.0,0.0,0.0,stationary,
1366750375,network,wifi,27.894,43.7007364,-72.2868423,0.0,0.0,0.0,stationary,
1366751575,network,wifi,24.652,43.70074,-72.2868906,0.0,0.0,0.0,stationary,
1366752775,network,wifi,21.785,43.7007093,-72.2868097,0.0,0.0,0.0,stationary,
1366753975,network,wifi,21.785,43.7007093,-72.2868097,0.0,0.0,0.0,stationary,
1366755175,network,wifi,22.0,43.7007401,-72.2869484,0.0,0.0,0.0,stationary,
1366756375,network,wifi,28.978,43.7007038,-72.2868411,0.0,0.0,0.0,stationary,
1366757575,network,wifi,28.978,43.7007038,-72.2868411,0.0,0.0,0.0,stationary,
1366758775,network,wifi,33.067,43.7007364,-72.286765,0.0,0.0,0.0,stationary,
1366759975,network,wifi,31.0,43.7007187,-72.2867973,0.0,0.0,0.0,stationary,
1366761175,network,wifi,21.0,43.7007087,-72.2867938,0.0,0.0,0.0,stationary,
1366762375,network,wifi,23.179,43.700707,-72.2867925,0.0,0.0,0.0,stationary,
1366763576,network,wifi,97.942,43.7056984,-72.2895486,0.0,0.0,0.0,moving,
1366764775,network,wifi,29.0,43.7062226,-72.2908173,0.0,0.0,0.0,moving,
1366765975,network,wifi,33.0,43.706016,-72.2911047,0.0,0.0,0.0,moving,
1366767175,network,wifi,35.667,43.7062221,-72.290837,0.0,0.0,0.0,stationary,
1366768375,network,wifi,22.0,43.7062074,-72.2907804,0.0,0.0,0.0,moving,
1366769575,network,wifi,23.0,43.706265,-72.2907913,0.0,0.0,0.0,stationary,
1366770775,network,wifi,35.0,43.7061148,-72.2910029,0.0,0.0,0.0,moving,
1366771975,network,wifi,22.0,43.7062401,-72.2908769,0.0,0.0,0.0,stationary,
1366773175,network,wifi,22.0,43.7062621,-72.2907622,0.0,0.0,0.0,moving,
1366774375,network,wifi,20.0,43.7016343,-72.288058,0.0,0.0,0.0,moving,
1366775575,network,wifi,24.982,43.7007113,-72.2868888,0.0,0.0,0.0,moving,
1366776775,network,wifi,30.0,43.7007668,-72.2869921,0.0,0.0,0.0,moving,
1366777975,network,wifi,26.0,43.7007762,-72.2869615,0.0,0.0,0.0,moving,
1366779175,network,wifi,38.0,43.7008133,-72.2870297,0.0,0.0,0.0,moving,
1366780375,network,wifi,40.5,43.7007545,-72.2871624,0.0,0.0,0.0,moving,
1366781575,network,wifi,24.0,43.7008096,-72.286951,0.0,0.0,0.0,moving,
1366782775,network,wifi,37.5,43.7004334,-72.2875198,0.0,0.0,0.0,moving,
1366783975,network,wifi,57.133,43.7006851,-72.2867899,0.0,0.0,0.0,moving,
1366785175,network,wifi,57.133,43.7006851,-72.2867899,0.0,0.0,0.0,stationary,
1366786375,network,wifi,66.212,43.7007374,-72.2869048,0.0,0.0,0.0,stationary,
1366787575,network,wifi,39.0,43.7008086,-72.2869397,0.0,0.0,0.0,moving,
1366788775,network,wifi,31.883,43.7007154,-72.2870375,0.0,0.0,0.0,moving,
1366789975,network,wifi,66.251,43.7007217,-72.2869202,0.0,0.0,0.0,moving,
1366791175,network,wifi,66.903,43.7006976,-72.2869525,0.0,0.0,0.0,stationary,
1366792375,network,wifi,23.0,43.7006516,-72.2867075,0.0,0.0,0.0,moving,
1366793575,network,wifi,71.933,43.7007954,-72.2869522,0.0,0.0,0.0,stationary,
1366794775,network,wifi,53.494,43.7006386,-72.2867676,0.0,0.0,0.0,moving,
1366795975,network,wifi,59.42,43.7006978,-72.2868193,0.0,0.0,0.0,stationary,
1366797175,network,wifi,63.261,43.7007358,-72.2868521,0.0,0.0,0.0,stationary,
1366798375,network,wifi,59.481,43.7006834,-72.286834,0.0,0.0,0.0,stationary,
1366799575,network,wifi,62.349,43.7006823,-72.2868858,0.0,0.0,0.0,stationary,
1366800775,network,wifi,64.735,43.7007079,-72.2869056,0.0,0.0,0.0,stationary,
1366801975,network,wifi,60.042,43.7006659,-72.2868593,0.0,0.0,0.0,stationary,
1366803175,network,wifi,67.514,43.7006251,-72.2870146,0.0,0.0,0.0,stationary,
1366804375,network,wifi,74.056,43.700674,-72.287091,0.0,0.0,0.0,stationary,
1366805575,network,wifi,64.166,43.7006652,-72.2869311,0.0,0.0,0.0,stationary,
1366806775,network,wifi,64.166,43.7006652,-72.2869311,0.0,0.0,0.0,stationary,
1366807975,network,wifi,60.496,43.7006664,-72.2868668,0.0,0.0,0.0,stationary,
1366809175,network,wifi,60.496,43.7006664,-72.2868668,0.0,0.0,0.0,stationary,
1366810375,network,wifi,27.803,43.7007041,-72.2871141,0.0,0.0,0.0,stationary,
1366811575,network,wifi,68.0,43.7006829,-72.286983,0.0,0.0,0.0,stationary,
1366812775,network,wifi,68.194,43.7006858,-72.2869841,0.0,0.0,0.0,stationary,
1366813975,network,wifi,64.232,43.7006877,-72.2869142,0.0,0.0,0.0,stationary,
1366815175,network,wifi,63.446,43.7007046,-72.2868856,0.0,0.0,0.0,stationary,
1366816375,network,wifi,66.268,43.7007149,-72.2869266,0.0,0.0,0.0,stationary,
1366817575,network,wifi,62.216,43.7007041,-72.286864,0.0,0.0,0.0,stationary,
1366818775,network,wifi,37.329,43.7007073,-72.2869365,0.0,0.0,0.0,stationary,
1366819975,network,wifi,33.942,43.7007418,-72.2870363,0.0,0.0,0.0,stationary,
1366821175,network,wifi,64.32,43.700711,-72.2868954,0.0,0.0,0.0,stationary,
1366822375,network,wifi,30.146,43.7015981,-72.2880037,0.0,0.0,0.0,moving,
1366823575,network,wifi,20.0,43.7015673,-72.2879631,0.0,0.0,0.0,moving,
1366824775,network,wifi,20.0,43.7015913,-72.287972,0.0,0.0,0.0,stationary,
1366825975,network,wifi,24.0,43.7027346,-72.2836677,0.0,0.0,0.0,moving,
1366827175,network,wifi,24.0,43.7027346,-72.2836677,0.0,0.0,0.0,moving,
1366828375,network,wifi,27.0,43.7027488,-72.2837686,0.0,0.0,0.0,stationary,
1366829575,network,wifi,24.0,43.7027346,-72.2836677,0.0,0.0,0.0,stationary,
1366830775,network,wifi,24.0,43.7027346,-72.2836677,0.0,0.0,0.0,stationary,
1366831975,network,wifi,24.0,43.7027346,-72.2836677,0.0,0.0,0.0,stationary,
1366833177,network,wifi,36.843,43.7024953,-72.2846438,0.0,0.0,0.0,moving,
1366834375,network,wifi,26.634,43.7007745,-72.2870028,0.0,0.0,0.0,moving,
1366835575,network,wifi,24.0,43.7007394,-72.2870049,0.0,0.0,0.0,moving,
1366836775,network,wifi,26.0,43.7007502,-72.2869119,0.0,0.0,0.0,moving,
1366836776,network,wifi,26.0,43.7007502,-72.2869119,0.0,0.0,0.0,moving,
1366839175,network,wifi,27.0,43.7062238,-72.2908173,0.0,0.0,0.0,moving,
1366840375,network,wifi,30.0,43.7061582,-72.2909686,0.0,0.0,0.0,moving,
1366841575,network,wifi,25.0,43.7062236,-72.2908172,0.0,0.0,0.0,stationary,
1366842775,network,wifi,28.0,43.7060442,-72.2910755,0.0,0.0,0.0,stationary,
1366843975,network,wifi,28.0,43.7060442,-72.2910755,0.0,0.0,0.0,stationary,
1366845175,network,wifi,25.0,43.7059445,-72.2912094,0.0,0.0,0.0,moving,
1366846375,network,wifi,27.0,43.7061341,-72.2909519,0.0,0.0,0.0,stationary,
1366847575,network,wifi,27.0,43.7062836,-72.290914,0.0,0.0,0.0,moving,
1366980141,network,wifi,37.395,43.7006879,-72.2869196,0.0,0.0,0.0,,
1366981341,network,wifi,55.744,43.7090089,-72.2839175,0.0,0.0,0.0,,
1366982540,network,wifi,56.108,43.7089938,-72.2838684,0.0,0.0,0.0,moving,
1366983740,network,wifi,58.068,43.7089872,-72.2839368,0.0,0.0,0.0,stationary,
1366984940,network,wifi,49.677,43.7091077,-72.2840031,0.0,0.0,0.0,moving,
1366986140,network,wifi,66.421,43.708933,-72.2840947,0.0,0.0,0.0,moving,
1366987340,network,wifi,42.0,43.7089115,-72.2841587,0.0,0.0,0.0,moving,
1366988540,network,wifi,69.396,43.7089644,-72.2840853,0.0,0.0,0.0,stationary,
1366989740,network,wifi,31.0,43.7068149,-72.2871507,0.0,0.0,0.0,moving,
1366990941,network,wifi,29.839,43.7066981,-72.2873127,0.0,0.0,0.0,moving,
1366992140,network,wifi,35.292,43.7067074,-72.2873,0.0,0.0,0.0,stationary,
1366993340,network,wifi,56.426,43.7072125,-72.2876948,0.0,0.0,0.0,moving,
1366994540,network,wifi,30.0,43.7073062,-72.2876819,0.0,0.0,0.0,moving,
1366995740,network,wifi,20.0,43.7072794,-72.2877683,0.0,0.0,0.0,moving,
1366996940,network,wifi,20.0,43.7073062,-72.2877447,0.0,0.0,0.0,stationary,
1366998140,network,wifi,20.0,43.7015947,-72.2880294,0.0,0.0,0.0,moving,
1366999340,network,wifi,20.0,43.7015962,-72.2880122,0.0,0.0,0.0,moving,
1367000540,network,wifi,27.0,43.7027456,-72.2837706,0.0,0.0,0.0,moving,
1367001740,network,wifi,24.0,43.7026814,-72.2836187,0.0,0.0,0.0,moving,
1367002940,network,wifi,27.0,43.7027346,-72.2836651,0.0,0.0,0.0,stationary,
1367004140,network,wifi,27.0,43.7027346,-72.2836651,0.0,0.0,0.0,stationary,
1367005340,network,wifi,27.0,43.7027346,-72.2836651,0.0,0.0,0.0,stationary,
1367006540,network,wifi,37.5,43.7007617,-72.2869958,0.0,0.0,0.0,moving,
1367007740,network,wifi,21.585,43.7007349,-72.2868237,0.0,0.0,0.0,moving,
1367008940,network,wifi,27.0,43.7007965,-72.2868397,0.0,0.0,0.0,moving,
1367010140,network,wifi,24.558,43.7007422,-72.2869986,0.0,0.0,0.0,stationary,
1367011340,network,wifi,26.0,43.7007347,-72.2870552,0.0,0.0,0.0,stationary,
1367012540,network,wifi,30.0,43.7007817,-72.2870259,0.0,0.0,0.0,stationary,
1367013740,network,wifi,20.0,43.7067167,-72.2873465,0.0,0.0,0.0,moving,
1367014940,network,wifi,41.515,43.7067411,-72.2872463,0.0,0.0,0.0,moving,
1367016141,network,wifi,35.608,43.7067388,-72.2871914,0.0,0.0,0.0,stationary,
1367017340,network,wifi,34.694,43.7067297,-72.2871495,0.0,0.0,0.0,stationary,
1367018540,network,wifi,40.149,43.7067303,-72.2871859,0.0,0.0,0.0,stationary,
1367019740,network,wifi,33.702,43.7067294,-72.2871202,0.0,0.0,0.0,stationary,
1367020940,network,wifi,31.361,43.7007832,-72.2870937,0.0,0.0,0.0,moving,
1367022140,network,wifi,20.0,43.7015961,-72.2880624,0.0,0.0,0.0,moving,
1367023340,network,wifi,20.0,43.7016076,-72.2879783,0.0,0.0,0.0,moving,
1367024540,network,wifi,25.0,43.7007021,-72.286802,0.0,0.0,0.0,moving,
1367025740,network,wifi,26.922,43.700701,-72.2868178,0.0,0.0,0.0,stationary,
1367026940,network,wifi,39.0,43.7007349,-72.2869802,0.0,0.0,0.0,stationary,
1367028140,network,wifi,26.0,43.7007168,-72.2868537,0.0,0.0,0.0,stationary,
1367029340,network,wifi,25.0,43.7007225,-72.2869067,0.0,0.0,0.0,stationary,
1367030540,network,wifi,32.569,43.7006671,-72.2867849,0.0,0.0,0.0,stationary,
1367031740,network,wifi,37.188,43.7006408,-72.2868924,0.0,0.0,0.0,stationary,
1367032940,network,wifi,45.0,43.7007588,-72.2868844,0.0,0.0,0.0,stationary,
1367034140,network,wifi,39.0,43.7007593,-72.2870178,0.0,0.0,0.0,stationary,
1367035340,network,wifi,30.0,43.7006908,-72.286803,0.0,0.0,0.0,stationary,
1367036540,network,wifi,25.052,43.7006912,-72.2867651,0.0,0.0,0.0,stationary,
1367037740,network,wifi,26.493,43.7006811,-72.2867397,0.0,0.0,0.0,stationary,
1367038940,network,wifi,31.585,43.7006884,-72.2867939,0.0,0.0,0.0,stationary,
1367040140,network,wifi,25.688,43.7007179,-72.2868771,0.0,0.0,0.0,stationary,
1367041340,network,wifi,27.0,43.7007302,-72.2868891,0.0,0.0,0.0,stationary,
1367042540,network,wifi,26.0,43.7007056,-72.2868713,0.0,0.0,0.0,stationary,
1367043740,network,wifi,40.5,43.7007317,-72.2870268,0.0,0.0,0.0,stationary,
1367044940,network,wifi,43.5,43.7007951,-72.2870312,0.0,0.0,0.0,stationary,
1367046140,network,wifi,30.0,43.7007412,-72.2870009,0.0,0.0,0.0,stationary,
1367047340,network,wifi,31.459,43.7006807,-72.2867978,0.0,0.0,0.0,moving,
1367048540,network,wifi,34.243,43.700681,-72.2867554,0.0,0.0,0.0,stationary,
1367049740,network,wifi,29.074,43.7007102,-72.2868274,0.0,0.0,0.0,stationary,
1367050940,network,wifi,27.744,43.7006928,-72.2868511,0.0,0.0,0.0,stationary,
1367052140,network,wifi,32.816,43.7006697,-72.2867803,0.0,0.0,0.0,stationary,
1367053340,network,wifi,33.161,43.7006672,-72.2867758,0.0,0.0,0.0,stationary,
1367054540,network,wifi,27.0,43.7006704,-72.2868363,0.0,0.0,0.0,stationary,
1367055740,network,wifi,37.0,43.7006805,-72.2868349,0.0,0.0,0.0,stationary,
1367056940,network,wifi,35.87,43.7006822,-72.2868316,0.0,0.0,0.0,stationary,
1367058140,network,wifi,27.858,43.7007345,-72.2868814,0.0,0.0,0.0,stationary,
1367059340,network,wifi,25.0,43.7007143,-72.2867649,0.0,0.0,0.0,stationary,
1367060540,network,wifi,27.0,43.700714,-72.2867691,0.0,0.0,0.0,stationary,
1367061740,network,wifi,30.11,43.7007064,-72.286938,0.0,0.0,0.0,stationary,
1367062940,network,wifi,34.363,43.7006782,-72.286964,0.0,0.0,0.0,stationary,
1367064140,network,wifi,39.545,43.7006785,-72.2868768,0.0,0.0,0.0,stationary,
1367065340,network,wifi,39.426,43.700695,-72.2868904,0.0,0.0,0.0,stationary,
1367066540,network,wifi,37.873,43.7006932,-72.2869155,0.0,0.0,0.0,stationary,
1367067740,network,wifi,37.004,43.7006909,-72.2869286,0.0,0.0,0.0,stationary,
1367068940,network,wifi,27.717,43.7007069,-72.2868484,0.0,0.0,0.0,stationary,
1367070140,network,wifi,33.418,43.7007215,-72.2870223,0.0,0.0,0.0,stationary,
1367071340,network,wifi,30.11,43.7007174,-72.2870831,0.0,0.0,0.0,stationary,
1367072540,network,wifi,24.912,43.7006969,-72.2868476,0.0,0.0,0.0,stationary,
1367073740,network,wifi,40.071,43.7006939,-72.2868787,0.0,0.0,0.0,stationary,
1367074940,network,wifi,36.401,43.7006958,-72.286943,0.0,0.0,0.0,stationary,
1367076140,network,wifi,24.786,43.7007311,-72.2869057,0.0,0.0,0.0,stationary,
1367077340,network,wifi,26.116,43.7007144,-72.2868712,0.0,0.0,0.0,stationary,
1367078540,network,wifi,26.902,43.7007034,-72.2869065,0.0,0.0,0.0,stationary,
1367079740,network,wifi,23.978,43.7007434,-72.2869078,0.0,0.0,0.0,stationary,
1367080940,network,wifi,23.978,43.7007434,-72.2869078,0.0,0.0,0.0,stationary,
1367082140,network,wifi,33.167,43.700687,-72.2869923,0.0,0.0,0.0,stationary,
1367083340,network,wifi,32.976,43.7007253,-72.2870353,0.0,0.0,0.0,stationary,
1367084540,network,wifi,28.904,43.7007473,-72.2870166,0.0,0.0,0.0,stationary,
1367085740,network,wifi,39.724,43.7006887,-72.2868808,0.0,0.0,0.0,stationary,
1367086940,network,wifi,24.884,43.7006723,-72.2868379,0.0,0.0,0.0,stationary,
1367088140,network,wifi,28.091,43.7006913,-72.2868766,0.0,0.0,0.0,stationary,
1367089340,network,wifi,38.448,43.7006979,-72.2869093,0.0,0.0,0.0,stationary,
1367090540,network,wifi,39.399,43.7007052,-72.2868987,0.0,0.0,0.0,stationary,
1367091740,network,wifi,37.165,43.7007036,-72.2869362,0.0,0.0,0.0,stationary,
1367092940,network,wifi,27.217,43.7007152,-72.2869365,0.0,0.0,0.0,stationary,
1367094140,network,wifi,24.0,43.7007102,-72.2868897,0.0,0.0,0.0,stationary,
1367095340,network,wifi,24.0,43.7007102,-72.2868897,0.0,0.0,0.0,stationary,
1367096540,network,wifi,20.977,43.7007072,-72.2869171,0.0,0.0,0.0,stationary,
1367097740,network,wifi,34.183,43.7007058,-72.2869915,0.0,0.0,0.0,stationary,
1367098940,network,wifi,33.401,43.7007178,-72.2870185,0.0,0.0,0.0,stationary,
1367100140,network,wifi,37.319,43.7006923,-72.2869243,0.0,0.0,0.0,stationary,
1367101340,network,wifi,41.756,43.7007055,-72.2868587,0.0,0.0,0.0,stationary,
1367102540,network,wifi,41.756,43.7007055,-72.2868587,0.0,0.0,0.0,stationary,
1367103740,network,wifi,37.725,43.7006952,-72.2869196,0.0,0.0,0.0,stationary,
1367104940,network,wifi,25.505,43.7007291,-72.2869196,0.0,0.0,0.0,stationary,
1367106140,network,wifi,26.483,43.7007104,-72.2869095,0.0,0.0,0.0,stationary,
1367107340,network,wifi,20.0,43.7016279,-72.2879952,0.0,0.0,0.0,moving,
1367108540,network,wifi,20.0,43.7016155,-72.2879805,0.0,0.0,0.0,moving,
1367109740,network,wifi,32.564,43.7007818,-72.287113,0.0,0.0,0.0,moving,
1367110940,network,wifi,27.0,43.7007024,-72.2868998,0.0,0.0,0.0,moving,
1367112140,network,wifi,36.0,43.7008005,-72.2869223,0.0,0.0,0.0,moving,
1367113340,network,wifi,29.0,43.7008104,-72.2869961,0.0,0.0,0.0,moving,
1367114540,network,wifi,43.0,43.700751,-72.2871304,0.0,0.0,0.0,moving,
1367115740,network,wifi,28.874,43.7007292,-72.2868281,0.0,0.0,0.0,moving,
1367116940,network,wifi,26.145,43.7007323,-72.2868687,0.0,0.0,0.0,stationary,
1367118140,network,wifi,24.805,43.7007495,-72.2868882,0.0,0.0,0.0,stationary,
1367119340,network,wifi,22.0,43.7007361,-72.286857,0.0,0.0,0.0,stationary,
1367120540,network,wifi,24.0,43.7007302,-72.2868455,0.0,0.0,0.0,stationary,
1367121740,network,wifi,27.0,43.7007765,-72.2868815,0.0,0.0,0.0,stationary,
1367122940,network,wifi,27.0,43.7007765,-72.2868815,0.0,0.0,0.0,stationary,
1367124140,network,wifi,26.576,43.7007331,-72.2868622,0.0,0.0,0.0,stationary,
1367125340,network,wifi,29.14,43.700736,-72.2868237,0.0,0.0,0.0,stationary,
1367126540,network,wifi,31.701,43.7006808,-72.2868434,0.0,0.0,0.0,moving,
1367201664,network,wifi,23.937,43.7033193,-72.2866161,0.0,0.0,0.0,,
1367202864,network,wifi,24.48,43.7033125,-72.2866192,0.0,0.0,0.0,,
1367204064,network,wifi,21.0,43.703362,-72.2865645,0.0,0.0,0.0,stationary,
1367205264,network,wifi,23.217,43.703322,-72.2866083,0.0,0.0,0.0,stationary,
1367206464,network,wifi,27.125,43.7032885,-72.2866434,0.0,0.0,0.0,moving,
1367207664,network,wifi,28.549,43.7032704,-72.2866502,0.0,0.0,0.0,stationary,
1367208865,network,wifi,66.235,43.7032988,-72.2867351,0.0,0.0,0.0,stationary,
1367210064,network,wifi,61.361,43.7033496,-72.2867545,0.0,0.0,0.0,moving,
1367211264,network,wifi,64.006,43.7033326,-72.2866867,0.0,0.0,0.0,stationary,
1367212464,network,wifi,64.006,43.7033326,-72.2866867,0.0,0.0,0.0,stationary,
1367213664,network,wifi,26.139,43.7033414,-72.2866738,0.0,0.0,0.0,stationary,
1367214864,network,wifi,27.207,43.7033555,-72.2866954,0.0,0.0,0.0,stationary,
1367216064,network,wifi,26.347,43.703354,-72.2866741,0.0,0.0,0.0,stationary,
1367217264,network,wifi,62.764,43.7033505,-72.2866689,0.0,0.0,0.0,stationary,
1367218464,network,wifi,61.767,43.7033559,-72.2866956,0.0,0.0,0.0,stationary,
1367219664,network,wifi,61.419,43.7033582,-72.2867034,0.0,0.0,0.0,stationary,
1367220864,network,wifi,33.669,43.7033346,-72.2866849,0.0,0.0,0.0,stationary,
1367222064,network,wifi,26.305,43.7033414,-72.2866683,0.0,0.0,0.0,stationary,
1367223264,network,wifi,27.865,43.7033372,-72.2866909,0.0,0.0,0.0,stationary,
1367224464,network,wifi,27.037,43.7033085,-72.2867174,0.0,0.0,0.0,stationary,
1367225666,network,wifi,44.721,43.7034055,-72.2868043,0.0,0.0,0.0,moving,
1367226864,network,wifi,44.721,43.7034055,-72.2868043,0.0,0.0,0.0,stationary,
1367228064,network,wifi,32.056,43.7034241,-72.286773,0.0,0.0,0.0,moving,
1367229264,network,wifi,29.821,43.7033952,-72.2867549,0.0,0.0,0.0,moving,
1367230464,network,wifi,29.126,43.7033684,-72.2867331,0.0,0.0,0.0,stationary,
1367231664,network,wifi,65.0,43.7033551,-72.286615,0.0,0.0,0.0,moving,
1367232864,network,wifi,55.511,43.7034084,-72.2867925,0.0,0.0,0.0,stationary,
1367234064,network,wifi,61.859,43.7033473,-72.2867352,0.0,0.0,0.0,stationary,
1367235264,network,wifi,61.043,43.7033552,-72.2867419,0.0,0.0,0.0,stationary,
1367236464,network,wifi,53.777,43.7034315,-72.2867672,0.0,0.0,0.0,stationary,
1367237664,network,wifi,32.42,43.703364,-72.2866779,0.0,0.0,0.0,stationary,
1367238864,network,wifi,32.364,43.7033607,-72.2866821,0.0,0.0,0.0,stationary,
1367240064,network,wifi,28.011,43.7034165,-72.2867123,0.0,0.0,0.0,stationary,
1367241264,network,wifi,30.482,43.7034456,-72.2867489,0.0,0.0,0.0,stationary,
1367242464,network,wifi,58.158,43.7033841,-72.2867603,0.0,0.0,0.0,stationary,
1367243664,network,wifi,54.15,43.7034311,-72.2867464,0.0,0.0,0.0,stationary,
1367244864,network,wifi,59.46,43.708997,-72.2841033,0.0,0.0,0.0,moving,
1367246064,network,wifi,71.328,43.7089887,-72.284104,0.0,0.0,0.0,moving,
1367247264,network,wifi,67.993,43.7089537,-72.2841159,0.0,0.0,0.0,stationary,
1367248159,gps,,27.0,43.70884829,-72.28427239,212.0,226.4,0.9013878,,
1367249664,network,wifi,25.0,43.7006828,-72.2868385,0.0,0.0,0.0,moving,
1367250864,network,wifi,23.0,43.7006986,-72.2868655,0.0,0.0,0.0,moving,
1367252064,network,wifi,26.855,43.7007255,-72.2869451,0.0,0.0,0.0,stationary,
1367253264,network,wifi,20.0,43.7016491,-72.2880822,0.0,0.0,0.0,moving,
1367254464,network,wifi,20.291,43.7016074,-72.2880177,0.0,0.0,0.0,moving,
1367255664,network,wifi,20.0,43.701593,-72.2880003,0.0,0.0,0.0,stationary,
1367256864,network,wifi,24.0,43.7007521,-72.287131,0.0,0.0,0.0,moving,
1367258064,network,wifi,45.0,43.7005716,-72.2867932,0.0,0.0,0.0,moving,
1367259264,network,wifi,26.0,43.7007904,-72.287041,0.0,0.0,0.0,moving,
1367260464,network,wifi,34.707,43.7006964,-72.2867892,0.0,0.0,0.0,moving,
1367261664,network,wifi,26.0,43.7006794,-72.2868298,0.0,0.0,0.0,moving,
1367262864,network,wifi,25.914,43.7006875,-72.286995,0.0,0.0,0.0,stationary,
1367264064,network,wifi,27.026,43.7006588,-72.2870765,0.0,0.0,0.0,stationary,
1367265264,network,wifi,32.092,43.7006676,-72.2869947,0.0,0.0,0.0,stationary,
1367266464,network,wifi,30.0,43.7007241,-72.2869789,0.0,0.0,0.0,stationary,
1367267664,network,wifi,24.0,43.7026715,-72.2836046,0.0,0.0,0.0,moving,
1367268864,network,wifi,24.0,43.7026715,-72.2836046,0.0,0.0,0.0,moving,
1367270064,network,wifi,33.0,43.7026983,-72.2841044,0.0,0.0,0.0,moving,
1367271264,network,wifi,27.0,43.7027343,-72.2836697,0.0,0.0,0.0,stationary,
1367272464,network,wifi,39.0,43.7025453,-72.2847065,0.0,0.0,0.0,moving,
1367273664,network,wifi,27.0,43.706734,-72.2871682,0.0,0.0,0.0,moving,
1367274864,network,wifi,32.0,43.7068433,-72.2870807,0.0,0.0,0.0,moving,
1367276065,network,wifi,20.0,43.7065858,-72.2870236,0.0,0.0,0.0,stationary,
1367277264,network,wifi,20.0,43.7065842,-72.2869949,0.0,0.0,0.0,stationary,
1367278464,network,wifi,31.657,43.7065799,-72.2870194,0.0,0.0,0.0,stationary,
1367279664,network,wifi,21.119,43.7065576,-72.2869894,0.0,0.0,0.0,stationary,
1367280864,network,wifi,28.7,43.7065928,-72.2870244,0.0,0.0,0.0,stationary,
1367282064,network,wifi,34.051,43.7065869,-72.2870075,0.0,0.0,0.0,stationary,
1367283264,network,wifi,20.0,43.7066099,-72.287024,0.0,0.0,0.0,stationary,
1367284367,network,wifi,29.991,43.7065768,-72.2869992,0.0,0.0,0.0,stationary,
1367285664,network,wifi,31.078,43.7065869,-72.2870179,0.0,0.0,0.0,stationary,
1367286864,network,wifi,28.715,43.7066095,-72.2870355,0.0,0.0,0.0,stationary,
1367288064,network,wifi,25.006,43.7065822,-72.2870368,0.0,0.0,0.0,stationary,
1367289264,network,wifi,31.129,43.7065831,-72.2870311,0.0,0.0,0.0,stationary,
1367290464,network,wifi,20.0,43.7066024,-72.2870474,0.0,0.0,0.0,stationary,
1367291664,network,wifi,29.0,43.7067298,-72.2871393,0.0,0.0,0.0,stationary,
1367292864,network,wifi,51.981,43.7066185,-72.2870827,0.0,0.0,0.0,stationary,
1367294064,network,wifi,20.0,43.7065926,-72.2870446,0.0,0.0,0.0,stationary,
1367295264,network,wifi,49.477,43.7067896,-72.2874814,0.0,0.0,0.0,moving,
1367296464,network,wifi,36.655,43.700758,-72.2870019,0.0,0.0,0.0,stationary,
1367297664,network,wifi,40.435,43.700771,-72.2869429,0.0,0.0,0.0,stationary,
1367298864,network,wifi,42.684,43.7007012,-72.28684,0.0,0.0,0.0,stationary,
1367300064,network,wifi,22.063,43.7007717,-72.2869896,0.0,0.0,0.0,stationary,
1367301264,network,wifi,23.911,43.7007788,-72.2870158,0.0,0.0,0.0,stationary,
1367302464,network,wifi,26.0,43.7007284,-72.2869111,0.0,0.0,0.0,stationary,
1367303664,network,wifi,25.0,43.700722,-72.286922,0.0,0.0,0.0,stationary,
1367304864,network,wifi,29.0,43.7007688,-72.2869116,0.0,0.0,0.0,stationary,
1367306064,network,wifi,26.727,43.7007462,-72.2869721,0.0,0.0,0.0,stationary,
1367307264,network,wifi,36.256,43.7007464,-72.2869958,0.0,0.0,0.0,stationary,
1367308464,network,wifi,22.0,43.7007483,-72.2869771,0.0,0.0,0.0,stationary,
1367309664,network,wifi,24.532,43.700783,-72.2869724,0.0,0.0,0.0,stationary,
1367310864,network,wifi,32.785,43.7007405,-72.2870584,0.0,0.0,0.0,stationary,
1367312064,network,wifi,35.484,43.7007509,-72.2870166,0.0,0.0,0.0,stationary,
1367313264,network,wifi,33.067,43.7007263,-72.2870347,0.0,0.0,0.0,stationary,
1367314464,network,wifi,36.498,43.7007216,-72.2869646,0.0,0.0,0.0,stationary,
1367315664,network,wifi,37.706,43.7007271,-72.2869479,0.0,0.0,0.0,stationary,
1367316864,network,wifi,37.597,43.7007154,-72.2869389,0.0,0.0,0.0,stationary,
1367318064,network,wifi,33.3,43.7007194,-72.2870222,0.0,0.0,0.0,stationary,
1367319264,network,wifi,27.0,43.7006507,-72.2867076,0.0,0.0,0.0,moving,
1367320464,network,wifi,32.221,43.7006816,-72.2870043,0.0,0.0,0.0,stationary,
1367321664,network,wifi,31.313,43.7006952,-72.2870338,0.0,0.0,0.0,moving,
1367322864,network,wifi,36.0,43.7007886,-72.2871934,0.0,0.0,0.0,stationary,
1367324064,network,wifi,34.416,43.7007229,-72.2870946,0.0,0.0,0.0,stationary,
1367325264,network,wifi,28.0,43.700786,-72.2869211,0.0,0.0,0.0,stationary,
1367326464,network,wifi,27.0,43.7007421,-72.2869524,0.0,0.0,0.0,stationary,
1367327664,network,wifi,26.129,43.7007675,-72.2869859,0.0,0.0,0.0,stationary,
1367328864,network,wifi,26.66,43.7007603,-72.286988,0.0,0.0,0.0,stationary,
1367330064,network,wifi,35.958,43.700627,-72.2869915,0.0,0.0,0.0,moving,
1367331264,network,wifi,36.866,43.7007377,-72.2869743,0.0,0.0,0.0,stationary,
1367332464,network,wifi,24.211,43.7007438,-72.2869922,0.0,0.0,0.0,stationary,
1367333664,network,wifi,27.0,43.7007403,-72.2869802,0.0,0.0,0.0,stationary,
1367334864,network,wifi,36.215,43.700732,-72.2869805,0.0,0.0,0.0,stationary,
1367336064,network,wifi,36.215,43.700732,-72.2869805,0.0,0.0,0.0,stationary,
1367337264,network,wifi,41.54,43.7007065,-72.2868631,0.0,0.0,0.0,stationary,
1367338464,network,wifi,32.44,43.7007331,-72.2870683,0.0,0.0,0.0,stationary,
1367339664,network,wifi,33.489,43.7007407,-72.2870951,0.0,0.0,0.0,stationary,
1367340864,network,wifi,35.805,43.7007427,-72.2870003,0.0,0.0,0.0,stationary,
1367342064,network,wifi,27.338,43.7006974,-72.2869781,0.0,0.0,0.0,stationary,
1367343264,network,wifi,25.134,43.7006837,-72.2870054,0.0,0.0,0.0,stationary,
1367344464,network,wifi,26.0,43.7006934,-72.2868473,0.0,0.0,0.0,stationary,
1367345664,network,wifi,45.0,43.700701,-72.2870496,0.0,0.0,0.0,stationary,
1367346864,network,wifi,45.0,43.700701,-72.2870496,0.0,0.0,0.0,stationary,
1367348064,network,wifi,33.924,43.7008315,-72.2871464,0.0,0.0,0.0,moving,
1367349264,network,wifi,29.364,43.7008312,-72.2870664,0.0,0.0,0.0,stationary,
1367350464,network,wifi,24.0,43.700651,-72.2867056,0.0,0.0,0.0,moving,
1367351664,network,wifi,40.5,43.7007472,-72.2869948,0.0,0.0,0.0,moving,
1367352864,network,wifi,30.0,43.7006881,-72.2870058,0.0,0.0,0.0,stationary,
1367354064,network,wifi,26.0,43.7006913,-72.2870401,0.0,0.0,0.0,stationary,
1367355264,network,wifi,29.406,43.7007478,-72.2869848,0.0,0.0,0.0,stationary,
1367356464,network,wifi,31.273,43.7007771,-72.2869809,0.0,0.0,0.0,stationary,
1367357664,network,wifi,32.0,43.7007537,-72.287062,0.0,0.0,0.0,stationary,
1367358864,network,wifi,37.314,43.7007516,-72.2869812,0.0,0.0,0.0,stationary,
1367360064,network,wifi,38.174,43.7007589,-72.2869729,0.0,0.0,0.0,stationary,
1367361264,network,wifi,25.001,43.7007546,-72.2869475,0.0,0.0,0.0,stationary,
1367362464,network,wifi,25.0,43.7007733,-72.2869448,0.0,0.0,0.0,stationary,
1367363664,network,wifi,30.927,43.7007172,-72.2870662,0.0,0.0,0.0,stationary,
1367364864,network,wifi,33.0,43.700777,-72.2871001,0.0,0.0,0.0,stationary,
1367366064,network,wifi,24.0,43.7007319,-72.2869562,0.0,0.0,0.0,stationary,
1367367264,network,wifi,25.0,43.7007316,-72.2869616,0.0,0.0,0.0,stationary,
1367368464,network,wifi,25.0,43.7006898,-72.2869965,0.0,0.0,0.0,stationary,
1367369664,network,wifi,25.654,43.7006941,-72.2870335,0.0,0.0,0.0,stationary,
1367370864,network,wifi,25.128,43.7006864,-72.2870272,0.0,0.0,0.0,stationary,
1367372064,network,wifi,21.322,43.7006925,-72.2870786,0.0,0.0,0.0,stationary,
1367373264,network,wifi,27.0,43.7006837,-72.2869929,0.0,0.0,0.0,stationary,
1367374464,network,wifi,27.0,43.7006837,-72.2869929,0.0,0.0,0.0,stationary,
1367375664,network,wifi,26.0,43.7006844,-72.2870272,0.0,0.0,0.0,stationary,
1367376864,network,wifi,27.763,43.7007205,-72.2872385,0.0,0.0,0.0,stationary,
1367378064,network,wifi,39.0,43.7008462,-72.2871479,0.0,0.0,0.0,stationary,
1367379264,network,wifi,45.0,43.7008278,-72.2871484,0.0,0.0,0.0,stationary,
1367380464,network,wifi,36.0,43.7008534,-72.287072,0.0,0.0,0.0,stationary,
1367464168,network,wifi,25.889,43.700759,-72.2869713,0.0,0.0,0.0,,
1367465375,network,wifi,23.0,43.7007975,-72.2868396,0.0,0.0,0.0,,
1367466575,network,wifi,40.5,43.7008068,-72.2869289,0.0,0.0,0.0,moving,
1367623940,network,wifi,43.1,40.3648149,-74.5956396,0.0,0.0,0.0,,
1367806883,network,wifi,39.0,41.7702402,-72.6831496,0.0,0.0,0.0,,
1367816482,network,wifi,21.0,43.7006883,-72.286739,0.0,0.0,0.0,,
1367817682,network,wifi,25.0,43.7007963,-72.2868392,0.0,0.0,0.0,moving,
1367818882,network,wifi,21.594,43.700724,-72.2869824,0.0,0.0,0.0,moving,
1367820082,network,wifi,26.598,43.7007268,-72.2869413,0.0,0.0,0.0,stationary,
1367821282,network,wifi,26.598,43.7007268,-72.2869413,0.0,0.0,0.0,stationary,
1367822482,network,wifi,24.0,43.7007436,-72.2869409,0.0,0.0,0.0,stationary,
1367823682,network,wifi,39.65,43.7007416,-72.2869265,0.0,0.0,0.0,stationary,
1368414802,network,wifi,26.0,43.7006992,-72.2869006,0.0,0.0,0.0,,
1368416002,network,wifi,28.0,43.7007962,-72.2868392,0.0,0.0,0.0,,
1368417202,network,wifi,27.0,43.7006626,-72.2869568,0.0,0.0,0.0,moving,
1368588074,network,wifi,52.742,43.7065782,-72.2870431,0.0,0.0,0.0,,
1368589272,network,wifi,36.878,43.7066167,-72.2870544,0.0,0.0,0.0,,
1368590472,network,wifi,31.347,43.7066848,-72.2870864,0.0,0.0,0.0,stationary,
1368592873,network,wifi,44.178,43.7034104,-72.2865768,0.0,0.0,0.0,moving,
1368594072,network,wifi,45.808,43.7034959,-72.2865307,0.0,0.0,0.0,moving,
1368595272,network,wifi,27.685,43.7033921,-72.286571,0.0,0.0,0.0,stationary,
1368596472,network,wifi,43.639,43.7033961,-72.2865911,0.0,0.0,0.0,stationary,
1368597672,network,wifi,45.291,43.7034241,-72.2865547,0.0,0.0,0.0,stationary,
1368598872,network,wifi,31.596,43.7034061,-72.2865797,0.0,0.0,0.0,stationary,
1368600072,network,wifi,39.648,43.7034045,-72.28665,0.0,0.0,0.0,stationary,
1368601272,network,wifi,42.933,43.703412,-72.2865955,0.0,0.0,0.0,stationary,
1368602472,network,wifi,42.884,43.7033826,-72.2866093,0.0,0.0,0.0,stationary,
1368603672,network,wifi,45.793,43.7033981,-72.2865566,0.0,0.0,0.0,stationary,
1368604872,network,wifi,44.837,43.7033656,-72.2865869,0.0,0.0,0.0,stationary,
1368606072,network,wifi,26.54,43.7033744,-72.2865795,0.0,0.0,0.0,stationary,
1368607272,network,wifi,28.077,43.703366,-72.2866327,0.0,0.0,0.0,stationary,
1368608472,network,wifi,30.711,43.7033868,-72.2865194,0.0,0.0,0.0,stationary,
1368609672,network,wifi,42.004,43.7033723,-72.2866287,0.0,0.0,0.0,stationary,
1368610872,network,wifi,44.361,43.7033649,-72.2865949,0.0,0.0,0.0,stationary,
1368612072,network,wifi,44.213,43.7033861,-72.2865866,0.0,0.0,0.0,stationary,
1368613272,network,wifi,44.892,43.7033785,-72.2865795,0.0,0.0,0.0,stationary,
1368614472,network,wifi,29.015,43.7033571,-72.2866197,0.0,0.0,0.0,stationary,
1368615672,network,wifi,31.522,43.70337,-72.2865808,0.0,0.0,0.0,stationary,
1368616872,network,wifi,42.772,43.7033686,-72.2866184,0.0,0.0,0.0,stationary,
1368618072,network,wifi,44.21,43.7033862,-72.2865866,0.0,0.0,0.0,stationary,
1368619272,network,wifi,46.758,43.7033983,-72.2865415,0.0,0.0,0.0,stationary,
1368620472,network,wifi,48.436,43.7034286,-72.2865051,0.0,0.0,0.0,stationary,
1368621672,network,wifi,34.712,43.7033914,-72.2865325,0.0,0.0,0.0,stationary,
1368622872,network,wifi,20.0,43.7033709,-72.2865692,0.0,0.0,0.0,moving,
1368624072,network,wifi,44.912,43.7033951,-72.2865716,0.0,0.0,0.0,stationary,
1368625272,network,wifi,40.795,43.7033643,-72.2866528,0.0,0.0,0.0,stationary,
1368626472,network,wifi,47.749,43.7034073,-72.2865227,0.0,0.0,0.0,stationary,
1368626473,network,wifi,37.558,43.7034239,-72.286397,0.0,0.0,0.0,moving,
1368628362,gps,,3.0,43.70335388,-72.28750004,155.100006104,0.0,0.0,,
1368630073,network,wifi,34.785,43.7007906,-72.2871512,0.0,0.0,0.0,moving,
1368631272,network,wifi,43.699,43.7007608,-72.2870099,0.0,0.0,0.0,moving,
1368632472,network,wifi,28.144,43.7007244,-72.2869588,0.0,0.0,0.0,stationary,
1368633672,network,wifi,29.306,43.7008132,-72.287078,0.0,0.0,0.0,stationary,
1368636076,network,wifi,63.325,43.7072943,-72.2878221,0.0,0.0,0.0,moving,
1368637272,network,wifi,63.756,43.7072846,-72.287813,0.0,0.0,0.0,moving,
1368638472,network,wifi,20.0,43.7073423,-72.2878226,0.0,0.0,0.0,stationary,
1368638473,network,wifi,20.0,43.7073423,-72.2878226,0.0,0.0,0.0,stationary,
1368640872,network,wifi,46.722,43.7026269,-72.2838559,0.0,0.0,0.0,moving,
1368642072,network,wifi,24.0,43.7026443,-72.2837466,0.0,0.0,0.0,moving,
1368643272,network,wifi,25.0,43.7026462,-72.2838343,0.0,0.0,0.0,moving,
1368644472,network,wifi,42.286,43.7026474,-72.284078,0.0,0.0,0.0,moving,
1368645672,network,wifi,50.608,43.7025676,-72.2838334,0.0,0.0,0.0,stationary,
1368646872,network,wifi,25.0,43.7026837,-72.2844062,0.0,0.0,0.0,moving,
1368648071,gps,,13.0,43.70098059,-72.28649514,144.100006104,213.5,2.6100767,,
1368649272,network,wifi,40.5,43.70069,-72.2869732,0.0,0.0,0.0,moving,
1368650472,network,wifi,27.0,43.7006959,-72.2869533,0.0,0.0,0.0,moving,
1368651672,network,wifi,34.0,43.7006719,-72.2871404,0.0,0.0,0.0,stationary,
1368652874,network,wifi,60.489,43.7059049,-72.2895356,0.0,0.0,0.0,moving,
1368652875,network,wifi,44.044,43.7061191,-72.2894986,0.0,0.0,0.0,moving,
1368655272,network,wifi,37.641,43.7126841,-72.2857818,0.0,0.0,0.0,moving,
1368656472,network,wifi,33.279,43.7126946,-72.2857179,0.0,0.0,0.0,stationary,
1368657672,network,wifi,27.476,43.7127023,-72.2854928,0.0,0.0,0.0,stationary,
1368658872,network,wifi,24.95,43.7127105,-72.285531,0.0,0.0,0.0,stationary,
1368660072,network,wifi,20.0,43.7126803,-72.2858702,0.0,0.0,0.0,stationary,
1368661272,network,wifi,30.0,43.7127124,-72.2856389,0.0,0.0,0.0,stationary,
1368662472,network,wifi,39.0,43.7127496,-72.2855985,0.0,0.0,0.0,stationary,
1368663672,network,wifi,26.813,43.712736,-72.2855065,0.0,0.0,0.0,stationary,
1368664874,network,wifi,27.0,43.7061639,-72.2910323,0.0,0.0,0.0,moving,
1368666072,network,wifi,25.0,43.7061595,-72.291069,0.0,0.0,0.0,moving,
1368667273,network,wifi,27.917,43.706204,-72.2910102,0.0,0.0,0.0,stationary,
1368668472,network,wifi,27.333,43.7062032,-72.2910207,0.0,0.0,0.0,stationary,
1368669672,network,wifi,24.0,43.7061479,-72.2911026,0.0,0.0,0.0,stationary,
1368670873,network,wifi,64.203,43.7044578,-72.2910078,0.0,0.0,0.0,moving,
1368672072,network,wifi,67.537,43.704427,-72.2909796,0.0,0.0,0.0,moving,
1368673272,network,wifi,58.115,43.7045285,-72.2910075,0.0,0.0,0.0,stationary,
1368674472,network,wifi,22.0,43.7062178,-72.2910028,0.0,0.0,0.0,moving,
1369444379,network,wifi,38.375,43.7057825,-72.28876,0.0,0.0,0.0,,
1369445578,network,wifi,31.938,43.7055222,-72.2887497,0.0,0.0,0.0,,
1369446777,network,wifi,34.152,43.7054955,-72.2887483,0.0,0.0,0.0,stationary,
1369447977,network,wifi,28.418,43.7055197,-72.2887364,0.0,0.0,0.0,stationary,
1369449177,network,wifi,31.823,43.7055287,-72.2887582,0.0,0.0,0.0,stationary,
1369450377,network,wifi,38.413,43.7055265,-72.2887351,0.0,0.0,0.0,stationary,
1369451577,network,wifi,20.0,43.7055045,-72.2887282,0.0,0.0,0.0,stationary,
1369452777,network,wifi,32.782,43.7055071,-72.2887618,0.0,0.0,0.0,stationary,
1369453977,network,wifi,30.352,43.7055447,-72.2887593,0.0,0.0,0.0,stationary,
1369455177,network,wifi,30.12,43.7055036,-72.2887213,0.0,0.0,0.0,stationary,
1369456377,network,wifi,20.0,43.7055193,-72.2887404,0.0,0.0,0.0,stationary,
1369457577,network,wifi,63.669,43.7042757,-72.2842783,0.0,0.0,0.0,moving,
1369458778,network,wifi,45.523,43.7033924,-72.2865663,0.0,0.0,0.0,moving,
1369459977,network,wifi,45.523,43.7033924,-72.2865663,0.0,0.0,0.0,moving,
1369461178,network,wifi,20.0,43.7033453,-72.2866435,0.0,0.0,0.0,moving,
1369462377,network,wifi,20.0,43.7033156,-72.2866879,0.0,0.0,0.0,stationary,
1369463577,network,wifi,44.432,43.7034065,-72.2865775,0.0,0.0,0.0,,
1369464780,network,wifi,37.552,43.7033435,-72.2867236,0.0,0.0,0.0,stationary,
1369465977,network,wifi,39.566,43.7033608,-72.286678,0.0,0.0,0.0,stationary,
1369467177,network,wifi,39.662,43.7033365,-72.286693,0.0,0.0,0.0,stationary,
1369468377,network,wifi,37.44,43.7033467,-72.2867231,0.0,0.0,0.0,stationary,
1369469577,network,wifi,25.132,43.7033179,-72.2866676,0.0,0.0,0.0,stationary,
1369470777,network,wifi,42.283,43.7033436,-72.2866443,0.0,0.0,0.0,stationary,
1369471977,network,wifi,40.45,43.7033482,-72.2866716,0.0,0.0,0.0,stationary,
1369520408,network,wifi,37.247,43.7066014,-72.2870326,0.0,0.0,0.0,,
1369521612,network,wifi,39.932,43.706573,-72.2870408,0.0,0.0,0.0,,
1369598488,network,wifi,43.715,43.7065681,-72.2870116,0.0,0.0,0.0,,
1369599687,network,wifi,44.833,43.7065576,-72.2870272,0.0,0.0,0.0,,
1369600887,network,wifi,46.775,43.7065364,-72.2870275,0.0,0.0,0.0,stationary,
1369602087,network,wifi,45.144,43.7065552,-72.2870355,0.0,0.0,0.0,stationary,
1369603287,network,wifi,40.167,43.7065814,-72.2870389,0.0,0.0,0.0,stationary,
1369604487,network,wifi,32.957,43.7066587,-72.2870255,0.0,0.0,0.0,stationary,
1369605687,network,wifi,33.068,43.7066141,-72.287049,0.0,0.0,0.0,stationary,
1369606887,network,wifi,38.696,43.7065958,-72.2870233,0.0,0.0,0.0,stationary,
1369608087,network,wifi,39.164,43.7066242,-72.2870562,0.0,0.0,0.0,stationary,
1369609287,network,wifi,35.162,43.7066344,-72.2870238,0.0,0.0,0.0,stationary,
1369610487,network,wifi,37.57,43.7066354,-72.287013,0.0,0.0,0.0,stationary,
1369611687,network,wifi,39.963,43.7066109,-72.2870267,0.0,0.0,0.0,stationary,
1369612887,network,wifi,20.583,43.7067486,-72.2870339,0.0,0.0,0.0,stationary,
1369614087,network,wifi,38.029,43.7066334,-72.2870354,0.0,0.0,0.0,stationary,
1369615287,network,wifi,33.791,43.7066796,-72.2870314,0.0,0.0,0.0,stationary,
1369616487,network,wifi,31.206,43.7067049,-72.2870103,0.0,0.0,0.0,stationary,
1369617687,network,wifi,32.83,43.7066915,-72.2870386,0.0,0.0,0.0,stationary,
1369618887,network,wifi,24.418,43.7067073,-72.2870397,0.0,0.0,0.0,stationary,
1369620087,network,wifi,20.0,43.7067102,-72.2870364,0.0,0.0,0.0,stationary,
1369677704,network,wifi,31.746,43.7065179,-72.2870373,0.0,0.0,0.0,,
1369678909,network,wifi,45.667,43.706547,-72.2870134,0.0,0.0,0.0,,
1369680109,network,wifi,44.271,43.7065236,-72.2870329,0.0,0.0,0.0,stationary,
1369770480,network,wifi,47.226,43.7065311,-72.2870241,0.0,0.0,0.0,,
1369771680,network,wifi,28.194,43.706609,-72.2872831,0.0,0.0,0.0,,
1369772880,network,wifi,25.784,43.7066293,-72.2872684,0.0,0.0,0.0,stationary,
1369774080,network,wifi,27.264,43.7066259,-72.2872936,0.0,0.0,0.0,stationary,
1369775280,network,wifi,56.633,43.7065876,-72.2873563,0.0,0.0,0.0,stationary,
1369776480,network,wifi,29.502,43.706594,-72.2872887,0.0,0.0,0.0,stationary,
1369777680,network,wifi,27.384,43.7066193,-72.2872732,0.0,0.0,0.0,stationary,
1369778880,network,wifi,49.516,43.7066401,-72.2872737,0.0,0.0,0.0,stationary,
1369780080,network,wifi,49.88,43.7066322,-72.2872666,0.0,0.0,0.0,stationary,
1369781280,network,wifi,25.327,43.7066558,-72.2872722,0.0,0.0,0.0,stationary,
1369782480,network,wifi,48.12,43.7066455,-72.2872463,0.0,0.0,0.0,stationary,
1369783680,network,wifi,51.158,43.7066209,-72.2872776,0.0,0.0,0.0,stationary,
1369784880,network,wifi,50.862,43.7066222,-72.2872721,0.0,0.0,0.0,stationary,
1369786080,network,wifi,49.46,43.7066313,-72.2872525,0.0,0.0,0.0,stationary,
1369787280,network,wifi,25.336,43.7066465,-72.2872492,0.0,0.0,0.0,stationary,
1369788480,network,wifi,48.898,43.7066492,-72.2872761,0.0,0.0,0.0,stationary,
1369789680,network,wifi,25.7,43.7066392,-72.2872656,0.0,0.0,0.0,stationary,
1369790880,network,wifi,47.602,43.7066473,-72.2872354,0.0,0.0,0.0,stationary,
1369792080,network,wifi,49.193,43.7066406,-72.2872658,0.0,0.0,0.0,stationary,
1369793280,network,wifi,27.768,43.706619,-72.2872502,0.0,0.0,0.0,stationary,
1369794480,network,wifi,50.503,43.7066219,-72.2872611,0.0,0.0,0.0,stationary,
1369795680,network,wifi,48.11,43.7066403,-72.2872339,0.0,0.0,0.0,stationary,
1369796880,network,wifi,47.722,43.7066666,-72.2872803,0.0,0.0,0.0,stationary,
1369798080,network,wifi,28.064,43.706738,-72.2869999,0.0,0.0,0.0,moving,
1369799281,network,wifi,38.845,43.7007371,-72.286992,0.0,0.0,0.0,moving,
1369800480,network,wifi,40.852,43.7007005,-72.2869414,0.0,0.0,0.0,moving,
1369801680,network,wifi,36.987,43.7007241,-72.2869594,0.0,0.0,0.0,stationary,
1369802881,gps,,15.0,43.70251491,-72.28762115,135.5,344.1,4.031129,,
1369804080,network,wifi,47.72,43.7065294,-72.2870542,0.0,0.0,0.0,,
1369805280,network,wifi,47.129,43.7065353,-72.2870499,0.0,0.0,0.0,stationary,
1369806480,network,wifi,39.767,43.706542,-72.2870583,0.0,0.0,0.0,stationary,
1369807680,network,wifi,48.43,43.7065209,-72.287049,0.0,0.0,0.0,stationary,
1369808880,network,wifi,43.601,43.7065439,-72.2870389,0.0,0.0,0.0,stationary,
1369810080,network,wifi,48.81,43.706517,-72.2870511,0.0,0.0,0.0,stationary,
1369811280,network,wifi,44.94,43.706536,-72.2870904,0.0,0.0,0.0,stationary,
1369812480,network,wifi,46.741,43.7065398,-72.2870516,0.0,0.0,0.0,stationary,
1369813680,network,wifi,45.812,43.7065222,-72.2870606,0.0,0.0,0.0,stationary,
1369814880,network,wifi,44.656,43.7065264,-72.2870731,0.0,0.0,0.0,stationary,
1369816080,network,wifi,44.142,43.7065384,-72.2870427,0.0,0.0,0.0,stationary,
1369817280,network,wifi,46.136,43.7065182,-72.2870569,0.0,0.0,0.0,stationary,
1369818480,network,wifi,41.125,43.7066049,-72.2870703,0.0,0.0,0.0,stationary,
1369819680,network,wifi,42.231,43.7065902,-72.2870561,0.0,0.0,0.0,stationary,
1369820880,network,wifi,49.456,43.7065102,-72.2870533,0.0,0.0,0.0,stationary,
1369822080,network,wifi,46.945,43.7065368,-72.287046,0.0,0.0,0.0,stationary,
1369823280,network,wifi,48.763,43.7065195,-72.2870653,0.0,0.0,0.0,stationary,
